186 172 0 1
182 171 0 1
183 171 0 1
184 171 0 1
185 171 0 1
186 171 0 1
187 171 0 1
188 171 0 1
189 171 0 1
190 171 0 1
180 170 0 1
181 170 0 1
182 170 0 1
183 170 0 1
184 170 0 1
185 170 0 1
186 170 0 1
187 170 0 1
188 170 0 1
189 170 0 1
190 170 0 1
191 170 0 1
192 170 0 1
179 169 0 2
180 169 0 1
181 169 0 1
182 169 0 1
183 169 0 1
184 169 0 1
185 169 0 1
186 169 0 1
187 169 0 1
188 169 0 1
189 169 0 1
190 169 0 1
191 169 0 1
192 169 0 1
193 169 0 1
178 168 0 2
179 168 0 2
180 168 0 1
181 168 0 1
182 168 0 1
183 168 0 1
184 168 0 1
185 168 0 1
186 168 0 1
187 168 0 1
188 168 0 1
189 168 0 1
190 168 0 1
191 168 0 1
192 168 0 1
193 168 0 1
194 168 0 1
178 167 0 2
179 167 0 2
180 167 0 1
181 167 0 1
182 167 0 1
183 167 0 1
184 167 0 1
185 167 0 1
186 167 0 1
187 167 0 1
188 167 0 1
189 167 0 1
190 167 0 1
191 167 0 1
192 167 0 1
193 167 0 1
194 167 0 1
177 166 0 2
178 166 0 2
179 166 0 2
180 166 0 1
181 166 0 1
182 166 0 1
183 166 0 1
184 166 0 1
185 166 0 1
186 166 0 1
187 166 0 1
188 166 0 1
189 166 0 1
190 166 0 1
191 166 0 1
192 166 0 1
193 166 0 1
194 166 0 1
195 166 0 1
177 165 0 2
178 165 0 2
179 165 0 2
180 165 0 1
181 165 0 1
182 165 0 1
183 165 0 1
184 165 0 1
185 165 0 1
186 165 0 1
187 165 0 1
188 165 0 1
189 165 0 1
190 165 0 1
191 165 0 1
192 165 0 1
193 165 0 1
194 165 0 1
195 165 0 1
177 164 0 2
178 164 0 2
179 164 0 2
180 164 0 1
181 164 0 1
182 164 0 1
183 164 0 1
184 164 0 1
185 164 0 1
186 164 0 1
187 164 0 1
188 164 0 1
189 164 0 1
190 164 0 1
191 164 0 1
192 164 0 1
193 164 0 1
194 164 0 1
195 164 0 1
177 163 0 2
178 163 0 2
179 163 0 2
180 163 0 2
181 163 0 1
182 163 0 1
183 163 0 1
184 163 0 1
185 163 0 1
186 163 0 1
187 163 0 1
188 163 0 1
189 163 0 1
190 163 0 1
191 163 0 1
192 163 0 1
193 163 0 1
194 163 0 1
195 163 0 1
176 162 0 2
177 162 0 2
178 162 0 2
179 162 0 2
180 162 0 2
181 162 0 1
182 162 0 1
183 162 0 1
184 162 0 1
185 162 0 1
186 162 0 1
187 162 0 1
188 162 0 1
189 162 0 1
190 162 0 1
191 162 0 1
192 162 0 1
193 162 0 1
194 162 0 1
195 162 0 1
196 162 0 1
177 161 0 2
178 161 0 2
179 161 0 2
180 161 0 2
181 161 0 1
182 161 0 1
183 161 0 1
184 161 0 1
185 161 0 1
186 161 0 1
187 161 0 1
188 161 0 1
189 161 0 1
190 161 0 1
191 161 0 1
192 161 0 1
193 161 0 1
194 161 0 1
195 161 0 1
177 160 0 2
178 160 0 2
179 160 0 2
180 160 0 2
181 160 0 2
182 160 0 1
183 160 0 1
184 160 0 1
185 160 0 1
186 160 0 1
187 160 0 1
188 160 0 1
189 160 0 1
190 160 0 1
191 160 0 1
192 160 0 1
193 160 0 1
194 160 0 1
195 160 0 1
177 159 0 2
178 159 0 2
179 159 0 2
180 159 0 2
181 159 0 2
182 159 0 1
183 159 0 1
184 159 0 1
185 159 0 1
186 159 0 1
187 159 0 1
188 159 0 1
189 159 0 1
190 159 0 1
191 159 0 1
192 159 0 1
193 159 0 1
194 159 0 1
195 159 0 1
177 158 0 2
178 158 0 2
179 158 0 2
180 158 0 2
181 158 0 2
182 158 0 1
183 158 0 1
184 158 0 1
185 158 0 1
186 158 0 1
187 158 0 1
188 158 0 1
189 158 0 1
190 158 0 1
191 158 0 1
192 158 0 1
193 158 0 1
194 158 0 1
195 158 0 1
178 157 0 2
179 157 0 2
180 157 0 2
181 157 0 2
182 157 0 1
183 157 0 1
184 157 0 1
185 157 0 1
186 157 0 1
187 157 0 1
188 157 0 1
189 157 0 1
190 157 0 1
191 157 0 1
192 157 0 1
193 157 0 1
194 157 0 1
178 156 0 2
179 156 0 2
180 156 0 2
181 156 0 2
182 156 0 1
183 156 0 1
184 156 0 1
185 156 0 1
186 156 0 1
187 156 0 1
188 156 0 1
189 156 0 1
190 156 0 1
191 156 0 1
192 156 0 1
193 156 0 1
194 156 0 1
179 155 0 2
180 155 0 2
181 155 0 2
182 155 0 1
183 155 0 1
184 155 0 1
185 155 0 1
186 155 0 1
187 155 0 1
188 155 0 1
189 155 0 1
190 155 0 1
191 155 0 1
192 155 0 1
193 155 0 1
180 154 0 2
181 154 0 2
182 154 0 1
183 154 0 1
184 154 0 1
185 154 0 1
186 154 0 1
187 154 0 1
188 154 0 1
189 154 0 1
190 154 0 1
191 154 0 1
192 154 0 1
182 153 0 2
183 153 0 1
184 153 0 1
185 153 0 1
186 153 0 1
187 153 0 1
188 153 0 1
189 153 0 1
190 153 0 1
186 152 0 1
129 174 0 1
125 173 0 1
126 173 0 1
127 173 0 1
128 173 0 1
129 173 0 1
130 173 0 1
131 173 0 1
132 173 0 1
133 173 0 1
123 172 0 1
124 172 0 1
125 172 0 1
126 172 0 1
127 172 0 1
128 172 0 1
129 172 0 1
130 172 0 1
131 172 0 1
132 172 0 1
133 172 0 1
134 172 0 1
135 172 0 1
122 171 0 1
123 171 0 1
124 171 0 1
125 171 0 1
126 171 0 1
127 171 0 1
128 171 0 1
129 171 0 1
130 171 0 1
131 171 0 1
132 171 0 1
133 171 0 1
134 171 0 1
135 171 0 1
136 171 0 1
121 170 0 1
122 170 0 1
123 170 0 1
124 170 0 1
125 170 0 1
126 170 0 1
127 170 0 1
128 170 0 1
129 170 0 1
130 170 0 1
131 170 0 1
132 170 0 1
133 170 0 1
134 170 0 1
135 170 0 1
136 170 0 1
137 170 0 1
121 169 0 1
122 169 0 1
123 169 0 1
124 169 0 1
125 169 0 1
126 169 0 1
127 169 0 1
128 169 0 1
129 169 0 1
130 169 0 1
131 169 0 1
132 169 0 1
133 169 0 1
134 169 0 1
135 169 0 1
136 169 0 1
137 169 0 1
120 168 0 2
121 168 0 1
122 168 0 1
123 168 0 1
124 168 0 1
125 168 0 1
126 168 0 1
127 168 0 1
128 168 0 1
129 168 0 1
130 168 0 1
131 168 0 1
132 168 0 1
133 168 0 1
134 168 0 1
135 168 0 1
136 168 0 1
137 168 0 1
138 168 0 1
120 167 0 1
121 167 0 1
122 167 0 1
123 167 0 1
124 167 0 1
125 167 0 1
126 167 0 1
127 167 0 1
128 167 0 1
129 167 0 1
130 167 0 1
131 167 0 1
132 167 0 1
133 167 0 1
134 167 0 1
135 167 0 1
136 167 0 1
137 167 0 1
138 167 0 1
120 166 0 1
121 166 0 1
122 166 0 1
123 166 0 1
124 166 0 1
125 166 0 1
126 166 0 1
127 166 0 1
128 166 0 1
129 166 0 1
130 166 0 1
131 166 0 1
132 166 0 1
133 166 0 1
134 166 0 1
135 166 0 1
136 166 0 1
137 166 0 1
138 166 0 1
120 165 0 1
121 165 0 1
122 165 0 1
123 165 0 1
124 165 0 1
125 165 0 1
126 165 0 1
127 165 0 1
128 165 0 1
129 165 0 1
130 165 0 1
131 165 0 1
132 165 0 1
133 165 0 1
134 165 0 1
135 165 0 1
136 165 0 1
137 165 0 1
138 165 0 1
119 164 0 2
120 164 0 1
121 164 0 1
122 164 0 1
123 164 0 1
124 164 0 1
125 164 0 1
126 164 0 1
127 164 0 1
128 164 0 1
129 164 0 1
130 164 0 1
131 164 0 1
132 164 0 1
133 164 0 1
134 164 0 1
135 164 0 1
136 164 0 1
137 164 0 1
138 164 0 1
139 164 0 1
120 163 0 1
121 163 0 1
122 163 0 1
123 163 0 1
124 163 0 1
125 163 0 1
126 163 0 1
127 163 0 1
128 163 0 1
129 163 0 1
130 163 0 1
131 163 0 1
132 163 0 1
133 163 0 1
134 163 0 1
135 163 0 1
136 163 0 1
137 163 0 1
138 163 0 1
120 162 0 1
121 162 0 1
122 162 0 1
123 162 0 1
124 162 0 1
125 162 0 1
126 162 0 1
127 162 0 1
128 162 0 1
129 162 0 1
130 162 0 1
131 162 0 1
132 162 0 1
133 162 0 1
134 162 0 1
135 162 0 1
136 162 0 1
137 162 0 1
138 162 0 1
120 161 0 1
121 161 0 1
122 161 0 1
123 161 0 1
124 161 0 1
125 161 0 1
126 161 0 1
127 161 0 1
128 161 0 1
129 161 0 1
130 161 0 1
131 161 0 1
132 161 0 1
133 161 0 1
134 161 0 1
135 161 0 1
136 161 0 1
137 161 0 1
138 161 0 1
120 160 0 2
121 160 0 1
122 160 0 1
123 160 0 1
124 160 0 1
125 160 0 1
126 160 0 1
127 160 0 1
128 160 0 1
129 160 0 1
130 160 0 1
131 160 0 1
132 160 0 1
133 160 0 1
134 160 0 1
135 160 0 1
136 160 0 1
137 160 0 1
138 160 0 1
121 159 0 1
122 159 0 1
123 159 0 1
124 159 0 1
125 159 0 1
126 159 0 1
127 159 0 1
128 159 0 1
129 159 0 1
130 159 0 1
131 159 0 1
132 159 0 1
133 159 0 1
134 159 0 1
135 159 0 1
136 159 0 1
137 159 0 1
121 158 0 2
122 158 0 2
123 158 0 1
124 158 0 1
125 158 0 1
126 158 0 1
127 158 0 1
128 158 0 1
129 158 0 1
130 158 0 1
131 158 0 1
132 158 0 1
133 158 0 1
134 158 0 1
135 158 0 1
136 158 0 1
137 158 0 1
122 157 0 2
123 157 0 2
124 157 0 2
125 157 0 1
126 157 0 1
127 157 0 1
128 157 0 1
129 157 0 1
130 157 0 1
131 157 0 1
132 157 0 1
133 157 0 1
134 157 0 1
135 157 0 1
136 157 0 1
123 156 0 2
124 156 0 2
125 156 0 2
126 156 0 1
127 156 0 1
128 156 0 1
129 156 0 1
130 156 0 1
131 156 0 1
132 156 0 1
133 156 0 1
134 156 0 1
135 156 0 1
125 155 0 2
126 155 0 1
127 155 0 1
128 155 0 1
129 155 0 1
130 155 0 1
131 155 0 1
132 155 0 1
133 155 0 1
129 154 0 1
79 190 0 1
75 189 0 1
76 189 0 1
77 189 0 1
78 189 0 1
79 189 0 1
80 189 0 1
81 189 0 1
82 189 0 1
83 189 0 1
73 188 0 1
74 188 0 1
75 188 0 1
76 188 0 1
77 188 0 1
78 188 0 1
79 188 0 1
80 188 0 1
81 188 0 1
82 188 0 1
83 188 0 1
84 188 0 1
85 188 0 1
72 187 0 1
73 187 0 1
74 187 0 1
75 187 0 1
76 187 0 1
77 187 0 1
78 187 0 1
79 187 0 1
80 187 0 1
81 187 0 1
82 187 0 1
83 187 0 1
84 187 0 1
85 187 0 1
86 187 0 1
71 186 0 1
72 186 0 1
73 186 0 1
74 186 0 1
75 186 0 1
76 186 0 1
77 186 0 1
78 186 0 1
79 186 0 1
80 186 0 1
81 186 0 1
82 186 0 1
83 186 0 1
84 186 0 1
85 186 0 1
86 186 0 1
87 186 0 1
71 185 0 1
72 185 0 1
73 185 0 1
74 185 0 1
75 185 0 1
76 185 0 1
77 185 0 1
78 185 0 1
79 185 0 1
80 185 0 1
81 185 0 1
82 185 0 1
83 185 0 1
84 185 0 1
85 185 0 1
86 185 0 1
87 185 0 1
70 184 0 1
71 184 0 1
72 184 0 1
73 184 0 1
74 184 0 1
75 184 0 1
76 184 0 1
77 184 0 1
78 184 0 1
79 184 0 1
80 184 0 1
81 184 0 1
82 184 0 1
83 184 0 1
84 184 0 1
85 184 0 1
86 184 0 1
87 184 0 1
88 184 0 1
70 183 0 1
71 183 0 1
72 183 0 1
73 183 0 1
74 183 0 1
75 183 0 1
76 183 0 1
77 183 0 1
78 183 0 1
79 183 0 1
80 183 0 1
81 183 0 1
82 183 0 1
83 183 0 1
84 183 0 1
85 183 0 1
86 183 0 1
87 183 0 1
88 183 0 1
70 182 0 1
71 182 0 1
72 182 0 1
73 182 0 1
74 182 0 1
75 182 0 1
76 182 0 1
77 182 0 1
78 182 0 1
79 182 0 1
80 182 0 1
81 182 0 1
82 182 0 1
83 182 0 1
84 182 0 1
85 182 0 1
86 182 0 1
87 182 0 1
88 182 0 1
70 181 0 1
71 181 0 1
72 181 0 1
73 181 0 1
74 181 0 1
75 181 0 1
76 181 0 1
77 181 0 1
78 181 0 1
79 181 0 1
80 181 0 1
81 181 0 1
82 181 0 1
83 181 0 1
84 181 0 1
85 181 0 1
86 181 0 1
87 181 0 1
88 181 0 1
69 180 0 1
70 180 0 1
71 180 0 1
72 180 0 1
73 180 0 1
74 180 0 1
75 180 0 1
76 180 0 1
77 180 0 1
78 180 0 1
79 180 0 1
80 180 0 1
81 180 0 1
82 180 0 1
83 180 0 1
84 180 0 1
85 180 0 1
86 180 0 1
87 180 0 1
88 180 0 1
89 180 0 1
70 179 0 1
71 179 0 1
72 179 0 1
73 179 0 1
74 179 0 1
75 179 0 1
76 179 0 1
77 179 0 1
78 179 0 1
79 179 0 1
80 179 0 1
81 179 0 1
82 179 0 1
83 179 0 1
84 179 0 1
85 179 0 1
86 179 0 1
87 179 0 1
88 179 0 1
70 178 0 1
71 178 0 1
72 178 0 1
73 178 0 1
74 178 0 1
75 178 0 1
76 178 0 1
77 178 0 1
78 178 0 1
79 178 0 1
80 178 0 1
81 178 0 1
82 178 0 1
83 178 0 1
84 178 0 1
85 178 0 1
86 178 0 1
87 178 0 1
88 178 0 1
70 177 0 1
71 177 0 1
72 177 0 1
73 177 0 1
74 177 0 1
75 177 0 1
76 177 0 1
77 177 0 1
78 177 0 1
79 177 0 1
80 177 0 1
81 177 0 1
82 177 0 1
83 177 0 1
84 177 0 1
85 177 0 1
86 177 0 1
87 177 0 1
88 177 0 1
70 176 0 1
71 176 0 1
72 176 0 1
73 176 0 1
74 176 0 1
75 176 0 1
76 176 0 1
77 176 0 1
78 176 0 1
79 176 0 1
80 176 0 1
81 176 0 1
82 176 0 1
83 176 0 1
84 176 0 1
85 176 0 1
86 176 0 1
87 176 0 1
88 176 0 1
71 175 0 1
72 175 0 1
73 175 0 1
74 175 0 1
75 175 0 1
76 175 0 1
77 175 0 1
78 175 0 1
79 175 0 1
80 175 0 1
81 175 0 1
82 175 0 1
83 175 0 1
84 175 0 1
85 175 0 1
86 175 0 1
87 175 0 1
71 174 0 1
72 174 0 1
73 174 0 1
74 174 0 1
75 174 0 1
76 174 0 1
77 174 0 1
78 174 0 1
79 174 0 1
80 174 0 1
81 174 0 1
82 174 0 1
83 174 0 1
84 174 0 1
85 174 0 1
86 174 0 1
87 174 0 1
72 173 0 1
73 173 0 1
74 173 0 1
75 173 0 1
76 173 0 1
77 173 0 1
78 173 0 1
79 173 0 1
80 173 0 1
81 173 0 1
82 173 0 1
83 173 0 1
84 173 0 1
85 173 0 1
86 173 0 1
73 172 0 1
74 172 0 1
75 172 0 1
76 172 0 1
77 172 0 1
78 172 0 1
79 172 0 1
80 172 0 1
81 172 0 1
82 172 0 1
83 172 0 1
84 172 0 1
85 172 0 1
75 171 0 1
76 171 0 1
77 171 0 1
78 171 0 1
79 171 0 1
80 171 0 1
81 171 0 1
82 171 0 1
83 171 0 1
79 170 0 1
57 163 0 1
53 162 0 1
54 162 0 1
55 162 0 1
56 162 0 1
57 162 0 1
58 162 0 1
59 162 0 1
60 162 0 1
61 162 0 1
51 161 0 1
52 161 0 1
53 161 0 1
54 161 0 1
55 161 0 1
56 161 0 1
57 161 0 1
58 161 0 1
59 161 0 1
60 161 0 1
61 161 0 1
62 161 0 1
63 161 0 1
50 160 0 1
51 160 0 1
52 160 0 1
53 160 0 1
54 160 0 1
55 160 0 1
56 160 0 1
57 160 0 1
58 160 0 1
59 160 0 1
60 160 0 1
61 160 0 1
62 160 0 1
63 160 0 1
64 160 0 1
49 159 0 1
50 159 0 1
51 159 0 1
52 159 0 1
53 159 0 1
54 159 0 1
55 159 0 1
56 159 0 1
57 159 0 1
58 159 0 1
59 159 0 1
60 159 0 1
61 159 0 1
62 159 0 1
63 159 0 1
64 159 0 1
65 159 0 1
49 158 0 1
50 158 0 1
51 158 0 1
52 158 0 1
53 158 0 1
54 158 0 1
55 158 0 1
56 158 0 1
57 158 0 1
58 158 0 1
59 158 0 1
60 158 0 1
61 158 0 1
62 158 0 1
63 158 0 1
64 158 0 1
65 158 0 1
48 157 0 1
49 157 0 1
50 157 0 1
51 157 0 1
52 157 0 1
53 157 0 1
54 157 0 1
55 157 0 1
56 157 0 1
57 157 0 1
58 157 0 1
59 157 0 1
60 157 0 1
61 157 0 1
62 157 0 1
63 157 0 1
64 157 0 1
65 157 0 1
66 157 0 1
48 156 0 1
49 156 0 1
50 156 0 1
51 156 0 1
52 156 0 1
53 156 0 1
54 156 0 1
55 156 0 1
56 156 0 1
57 156 0 1
58 156 0 1
59 156 0 1
60 156 0 1
61 156 0 1
62 156 0 1
63 156 0 1
64 156 0 1
65 156 0 1
66 156 0 1
48 155 0 1
49 155 0 1
50 155 0 1
51 155 0 1
52 155 0 1
53 155 0 1
54 155 0 1
55 155 0 1
56 155 0 1
57 155 0 1
58 155 0 1
59 155 0 1
60 155 0 1
61 155 0 1
62 155 0 1
63 155 0 1
64 155 0 1
65 155 0 1
66 155 0 1
48 154 0 1
49 154 0 1
50 154 0 1
51 154 0 1
52 154 0 1
53 154 0 1
54 154 0 1
55 154 0 1
56 154 0 1
57 154 0 1
58 154 0 1
59 154 0 1
60 154 0 1
61 154 0 1
62 154 0 1
63 154 0 1
64 154 0 1
65 154 0 1
66 154 0 1
47 153 0 1
48 153 0 1
49 153 0 1
50 153 0 1
51 153 0 1
52 153 0 1
53 153 0 1
54 153 0 1
55 153 0 1
56 153 0 1
57 153 0 1
58 153 0 1
59 153 0 1
60 153 0 1
61 153 0 1
62 153 0 1
63 153 0 1
64 153 0 1
65 153 0 1
66 153 0 1
67 153 0 1
48 152 0 1
49 152 0 1
50 152 0 1
51 152 0 1
52 152 0 1
53 152 0 1
54 152 0 1
55 152 0 1
56 152 0 1
57 152 0 1
58 152 0 1
59 152 0 1
60 152 0 1
61 152 0 1
62 152 0 1
63 152 0 1
64 152 0 1
65 152 0 1
66 152 0 1
48 151 0 1
49 151 0 1
50 151 0 1
51 151 0 1
52 151 0 1
53 151 0 1
54 151 0 1
55 151 0 1
56 151 0 1
57 151 0 1
58 151 0 1
59 151 0 1
60 151 0 1
61 151 0 1
62 151 0 1
63 151 0 1
64 151 0 1
65 151 0 1
66 151 0 1
48 150 0 1
49 150 0 1
50 150 0 1
51 150 0 1
52 150 0 1
53 150 0 1
54 150 0 1
55 150 0 1
56 150 0 1
57 150 0 1
58 150 0 1
59 150 0 1
60 150 0 1
61 150 0 1
62 150 0 1
63 150 0 1
64 150 0 1
65 150 0 1
66 150 0 1
48 149 0 1
49 149 0 1
50 149 0 1
51 149 0 1
52 149 0 1
53 149 0 1
54 149 0 1
55 149 0 1
56 149 0 1
57 149 0 1
58 149 0 1
59 149 0 1
60 149 0 1
61 149 0 1
62 149 0 1
63 149 0 1
64 149 0 1
65 149 0 1
66 149 0 1
49 148 0 1
50 148 0 1
51 148 0 1
52 148 0 1
53 148 0 1
54 148 0 1
55 148 0 1
56 148 0 1
57 148 0 1
58 148 0 1
59 148 0 1
60 148 0 1
61 148 0 1
62 148 0 1
63 148 0 1
64 148 0 1
65 148 0 1
49 147 0 1
50 147 0 1
51 147 0 1
52 147 0 1
53 147 0 1
54 147 0 1
55 147 0 1
56 147 0 1
57 147 0 1
58 147 0 1
59 147 0 1
60 147 0 1
61 147 0 1
62 147 0 1
63 147 0 1
64 147 0 1
65 147 0 1
50 146 0 1
51 146 0 1
52 146 0 1
53 146 0 1
54 146 0 1
55 146 0 1
56 146 0 1
57 146 0 1
58 146 0 1
59 146 0 1
60 146 0 1
61 146 0 1
62 146 0 1
63 146 0 1
64 146 0 1
51 145 0 1
52 145 0 1
53 145 0 1
54 145 0 1
55 145 0 1
56 145 0 1
57 145 0 1
58 145 0 1
59 145 0 1
60 145 0 1
61 145 0 1
62 145 0 1
63 145 0 1
53 144 0 1
54 144 0 1
55 144 0 1
56 144 0 1
57 144 0 1
58 144 0 1
59 144 0 1
60 144 0 1
61 144 0 1
57 143 0 1
158 134 0 1
154 133 0 1
155 133 0 1
156 133 0 1
157 133 0 1
158 133 0 1
159 133 0 1
160 133 0 1
161 133 0 1
162 133 0 1
152 132 0 1
153 132 0 1
154 132 0 1
155 132 0 1
156 132 0 1
157 132 0 1
158 132 0 1
159 132 0 1
160 132 0 1
161 132 0 1
162 132 0 1
163 132 0 1
164 132 0 1
151 131 0 1
152 131 0 1
153 131 0 1
154 131 0 1
155 131 0 1
156 131 0 1
157 131 0 1
158 131 0 1
159 131 0 1
160 131 0 1
161 131 0 1
162 131 0 1
163 131 0 1
164 131 0 1
165 131 0 2
150 130 0 1
151 130 0 1
152 130 0 1
153 130 0 1
154 130 0 1
155 130 0 1
156 130 0 1
157 130 0 1
158 130 0 1
159 130 0 1
160 130 0 1
161 130 0 1
162 130 0 1
163 130 0 1
164 130 0 1
165 130 0 2
166 130 0 2
150 129 0 1
151 129 0 1
152 129 0 1
153 129 0 1
154 129 0 1
155 129 0 1
156 129 0 1
157 129 0 1
158 129 0 1
159 129 0 1
160 129 0 1
161 129 0 1
162 129 0 1
163 129 0 1
164 129 0 1
165 129 0 2
166 129 0 2
149 128 0 1
150 128 0 1
151 128 0 1
152 128 0 1
153 128 0 1
154 128 0 1
155 128 0 1
156 128 0 1
157 128 0 1
158 128 0 1
159 128 0 1
160 128 0 1
161 128 0 1
162 128 0 1
163 128 0 1
164 128 0 1
165 128 0 2
166 128 0 2
167 128 0 2
149 127 0 2
150 127 0 1
151 127 0 1
152 127 0 1
153 127 0 1
154 127 0 1
155 127 0 1
156 127 0 1
157 127 0 1
158 127 0 1
159 127 0 1
160 127 0 1
161 127 0 1
162 127 0 1
163 127 0 1
164 127 0 1
165 127 0 2
166 127 0 2
167 127 0 2
149 126 0 2
150 126 0 2
151 126 0 1
152 126 0 1
153 126 0 1
154 126 0 1
155 126 0 1
156 126 0 1
157 126 0 1
158 126 0 1
159 126 0 1
160 126 0 1
161 126 0 1
162 126 0 1
163 126 0 1
164 126 0 1
165 126 0 2
166 126 0 2
167 126 0 2
149 125 0 2
150 125 0 2
151 125 0 1
152 125 0 1
153 125 0 1
154 125 0 1
155 125 0 1
156 125 0 1
157 125 0 1
158 125 0 1
159 125 0 1
160 125 0 1
161 125 0 1
162 125 0 1
163 125 0 1
164 125 0 1
165 125 0 2
166 125 0 2
167 125 0 2
148 124 0 2
149 124 0 2
150 124 0 2
151 124 0 1
152 124 0 1
153 124 0 1
154 124 0 1
155 124 0 1
156 124 0 1
157 124 0 1
158 124 0 1
159 124 0 1
160 124 0 1
161 124 0 1
162 124 0 1
163 124 0 1
164 124 0 1
165 124 0 2
166 124 0 2
167 124 0 2
168 124 0 2
149 123 0 2
150 123 0 2
151 123 0 1
152 123 0 1
153 123 0 1
154 123 0 1
155 123 0 1
156 123 0 1
157 123 0 1
158 123 0 1
159 123 0 1
160 123 0 1
161 123 0 1
162 123 0 1
163 123 0 1
164 123 0 1
165 123 0 2
166 123 0 2
167 123 0 2
149 122 0 2
150 122 0 2
151 122 0 1
152 122 0 1
153 122 0 1
154 122 0 1
155 122 0 1
156 122 0 1
157 122 0 1
158 122 0 1
159 122 0 1
160 122 0 1
161 122 0 1
162 122 0 1
163 122 0 1
164 122 0 1
165 122 0 2
166 122 0 2
167 122 0 2
149 121 0 2
150 121 0 2
151 121 0 1
152 121 0 1
153 121 0 1
154 121 0 1
155 121 0 1
156 121 0 1
157 121 0 1
158 121 0 1
159 121 0 1
160 121 0 1
161 121 0 1
162 121 0 1
163 121 0 1
164 121 0 2
165 121 0 2
166 121 0 2
167 121 0 2
149 120 0 2
150 120 0 2
151 120 0 2
152 120 0 1
153 120 0 1
154 120 0 1
155 120 0 1
156 120 0 1
157 120 0 1
158 120 0 1
159 120 0 1
160 120 0 1
161 120 0 1
162 120 0 1
163 120 0 1
164 120 0 2
165 120 0 2
166 120 0 2
167 120 0 2
150 119 0 2
151 119 0 2
152 119 0 1
153 119 0 1
154 119 0 1
155 119 0 1
156 119 0 1
157 119 0 1
158 119 0 1
159 119 0 1
160 119 0 1
161 119 0 1
162 119 0 1
163 119 0 2
164 119 0 2
165 119 0 2
166 119 0 2
150 118 0 2
151 118 0 2
152 118 0 1
153 118 0 1
154 118 0 1
155 118 0 1
156 118 0 1
157 118 0 1
158 118 0 1
159 118 0 1
160 118 0 1
161 118 0 1
162 118 0 2
163 118 0 2
164 118 0 2
165 118 0 2
166 118 0 2
151 117 0 2
152 117 0 2
153 117 0 1
154 117 0 1
155 117 0 1
156 117 0 1
157 117 0 1
158 117 0 1
159 117 0 1
160 117 0 1
161 117 0 2
162 117 0 2
163 117 0 2
164 117 0 2
165 117 0 2
152 116 0 2
153 116 0 1
154 116 0 1
155 116 0 1
156 116 0 1
157 116 0 1
158 116 0 1
159 116 0 1
160 116 0 1
161 116 0 2
162 116 0 2
163 116 0 2
164 116 0 2
154 115 0 1
155 115 0 1
156 115 0 1
157 115 0 1
158 115 0 1
159 115 0 1
160 115 0 1
161 115 0 2
162 115 0 2
158 114 0 1
168 108 0 1
164 107 0 1
165 107 0 1
166 107 0 1
167 107 0 1
168 107 0 1
169 107 0 1
170 107 0 1
171 107 0 1
172 107 0 1
162 106 0 2
163 106 0 2
164 106 0 1
165 106 0 1
166 106 0 1
167 106 0 1
168 106 0 1
169 106 0 1
170 106 0 1
171 106 0 1
172 106 0 1
173 106 0 1
174 106 0 1
161 105 0 2
162 105 0 2
163 105 0 1
164 105 0 1
165 105 0 1
166 105 0 1
167 105 0 1
168 105 0 1
169 105 0 1
170 105 0 1
171 105 0 1
172 105 0 1
173 105 0 1
174 105 0 1
175 105 0 1
160 104 0 2
161 104 0 2
162 104 0 1
163 104 0 1
164 104 0 1
165 104 0 1
166 104 0 1
167 104 0 1
168 104 0 1
169 104 0 1
170 104 0 1
171 104 0 1
172 104 0 1
173 104 0 1
174 104 0 1
175 104 0 1
176 104 0 1
160 103 0 2
161 103 0 1
162 103 0 1
163 103 0 1
164 103 0 1
165 103 0 1
166 103 0 1
167 103 0 1
168 103 0 1
169 103 0 1
170 103 0 1
171 103 0 1
172 103 0 1
173 103 0 1
174 103 0 1
175 103 0 1
176 103 0 1
159 102 0 2
160 102 0 1
161 102 0 1
162 102 0 1
163 102 0 1
164 102 0 1
165 102 0 1
166 102 0 1
167 102 0 1
168 102 0 1
169 102 0 1
170 102 0 1
171 102 0 1
172 102 0 1
173 102 0 1
174 102 0 1
175 102 0 1
176 102 0 1
177 102 0 1
159 101 0 2
160 101 0 1
161 101 0 1
162 101 0 1
163 101 0 1
164 101 0 1
165 101 0 1
166 101 0 1
167 101 0 1
168 101 0 1
169 101 0 1
170 101 0 1
171 101 0 1
172 101 0 1
173 101 0 1
174 101 0 1
175 101 0 1
176 101 0 1
177 101 0 1
159 100 0 2
160 100 0 1
161 100 0 1
162 100 0 1
163 100 0 1
164 100 0 1
165 100 0 1
166 100 0 1
167 100 0 1
168 100 0 1
169 100 0 1
170 100 0 1
171 100 0 1
172 100 0 1
173 100 0 1
174 100 0 1
175 100 0 1
176 100 0 1
177 100 0 1
159 99 0 2
160 99 0 1
161 99 0 1
162 99 0 1
163 99 0 1
164 99 0 1
165 99 0 1
166 99 0 1
167 99 0 1
168 99 0 1
169 99 0 1
170 99 0 1
171 99 0 1
172 99 0 1
173 99 0 1
174 99 0 1
175 99 0 1
176 99 0 1
177 99 0 1
158 98 0 2
159 98 0 1
160 98 0 1
161 98 0 1
162 98 0 1
163 98 0 1
164 98 0 1
165 98 0 1
166 98 0 1
167 98 0 1
168 98 0 1
169 98 0 1
170 98 0 1
171 98 0 1
172 98 0 1
173 98 0 1
174 98 0 1
175 98 0 1
176 98 0 1
177 98 0 1
178 98 0 1
159 97 0 1
160 97 0 1
161 97 0 1
162 97 0 1
163 97 0 1
164 97 0 1
165 97 0 1
166 97 0 1
167 97 0 1
168 97 0 1
169 97 0 1
170 97 0 1
171 97 0 1
172 97 0 1
173 97 0 1
174 97 0 1
175 97 0 1
176 97 0 1
177 97 0 1
159 96 0 1
160 96 0 1
161 96 0 1
162 96 0 1
163 96 0 1
164 96 0 1
165 96 0 1
166 96 0 1
167 96 0 1
168 96 0 1
169 96 0 1
170 96 0 1
171 96 0 1
172 96 0 1
173 96 0 1
174 96 0 1
175 96 0 1
176 96 0 1
177 96 0 1
159 95 0 1
160 95 0 1
161 95 0 1
162 95 0 1
163 95 0 1
164 95 0 1
165 95 0 1
166 95 0 1
167 95 0 1
168 95 0 1
169 95 0 1
170 95 0 1
171 95 0 1
172 95 0 1
173 95 0 1
174 95 0 1
175 95 0 1
176 95 0 1
177 95 0 1
159 94 0 1
160 94 0 1
161 94 0 1
162 94 0 1
163 94 0 1
164 94 0 1
165 94 0 1
166 94 0 1
167 94 0 1
168 94 0 1
169 94 0 1
170 94 0 1
171 94 0 1
172 94 0 1
173 94 0 1
174 94 0 1
175 94 0 1
176 94 0 1
177 94 0 1
160 93 0 1
161 93 0 1
162 93 0 1
163 93 0 1
164 93 0 1
165 93 0 1
166 93 0 1
167 93 0 1
168 93 0 1
169 93 0 1
170 93 0 1
171 93 0 1
172 93 0 1
173 93 0 1
174 93 0 1
175 93 0 1
176 93 0 1
160 92 0 1
161 92 0 1
162 92 0 1
163 92 0 1
164 92 0 1
165 92 0 1
166 92 0 1
167 92 0 1
168 92 0 1
169 92 0 1
170 92 0 1
171 92 0 1
172 92 0 1
173 92 0 1
174 92 0 1
175 92 0 1
176 92 0 1
161 91 0 1
162 91 0 1
163 91 0 1
164 91 0 1
165 91 0 1
166 91 0 1
167 91 0 1
168 91 0 1
169 91 0 1
170 91 0 1
171 91 0 1
172 91 0 1
173 91 0 1
174 91 0 1
175 91 0 1
162 90 0 1
163 90 0 1
164 90 0 1
165 90 0 1
166 90 0 1
167 90 0 1
168 90 0 1
169 90 0 1
170 90 0 1
171 90 0 1
172 90 0 1
173 90 0 1
174 90 0 1
164 89 0 1
165 89 0 1
166 89 0 1
167 89 0 1
168 89 0 1
169 89 0 1
170 89 0 1
171 89 0 1
172 89 0 1
168 88 0 1
135 66 0 1
131 65 0 1
132 65 0 1
133 65 0 1
134 65 0 1
135 65 0 1
136 65 0 1
137 65 0 1
138 65 0 1
139 65 0 1
129 64 0 1
130 64 0 1
131 64 0 1
132 64 0 1
133 64 0 1
134 64 0 1
135 64 0 1
136 64 0 1
137 64 0 1
138 64 0 1
139 64 0 1
140 64 0 1
141 64 0 1
128 63 0 1
129 63 0 1
130 63 0 1
131 63 0 1
132 63 0 1
133 63 0 1
134 63 0 1
135 63 0 1
136 63 0 1
137 63 0 1
138 63 0 1
139 63 0 1
140 63 0 1
141 63 0 1
142 63 0 1
127 62 0 1
128 62 0 1
129 62 0 1
130 62 0 1
131 62 0 1
132 62 0 1
133 62 0 1
134 62 0 1
135 62 0 1
136 62 0 1
137 62 0 1
138 62 0 1
139 62 0 1
140 62 0 1
141 62 0 1
142 62 0 1
143 62 0 1
127 61 0 1
128 61 0 1
129 61 0 1
130 61 0 1
131 61 0 1
132 61 0 1
133 61 0 1
134 61 0 1
135 61 0 1
136 61 0 1
137 61 0 1
138 61 0 1
139 61 0 1
140 61 0 1
141 61 0 1
142 61 0 1
143 61 0 1
126 60 0 1
127 60 0 1
128 60 0 1
129 60 0 1
130 60 0 1
131 60 0 1
132 60 0 1
133 60 0 1
134 60 0 1
135 60 0 1
136 60 0 1
137 60 0 1
138 60 0 1
139 60 0 1
140 60 0 1
141 60 0 1
142 60 0 1
143 60 0 1
144 60 0 1
126 59 0 1
127 59 0 1
128 59 0 1
129 59 0 1
130 59 0 1
131 59 0 1
132 59 0 1
133 59 0 1
134 59 0 1
135 59 0 1
136 59 0 1
137 59 0 1
138 59 0 1
139 59 0 1
140 59 0 1
141 59 0 1
142 59 0 1
143 59 0 1
144 59 0 1
126 58 0 1
127 58 0 1
128 58 0 1
129 58 0 1
130 58 0 1
131 58 0 1
132 58 0 1
133 58 0 1
134 58 0 1
135 58 0 1
136 58 0 1
137 58 0 1
138 58 0 1
139 58 0 1
140 58 0 1
141 58 0 1
142 58 0 1
143 58 0 1
144 58 0 1
126 57 0 1
127 57 0 1
128 57 0 1
129 57 0 1
130 57 0 1
131 57 0 1
132 57 0 1
133 57 0 1
134 57 0 1
135 57 0 1
136 57 0 1
137 57 0 1
138 57 0 1
139 57 0 1
140 57 0 1
141 57 0 1
142 57 0 1
143 57 0 1
144 57 0 1
125 56 0 1
126 56 0 1
127 56 0 1
128 56 0 1
129 56 0 1
130 56 0 1
131 56 0 1
132 56 0 1
133 56 0 1
134 56 0 1
135 56 0 1
136 56 0 1
137 56 0 1
138 56 0 1
139 56 0 1
140 56 0 1
141 56 0 1
142 56 0 1
143 56 0 1
144 56 0 1
145 56 0 1
126 55 0 1
127 55 0 1
128 55 0 1
129 55 0 1
130 55 0 1
131 55 0 1
132 55 0 1
133 55 0 1
134 55 0 1
135 55 0 1
136 55 0 1
137 55 0 1
138 55 0 1
139 55 0 1
140 55 0 1
141 55 0 1
142 55 0 1
143 55 0 1
144 55 0 1
126 54 0 1
127 54 0 1
128 54 0 1
129 54 0 1
130 54 0 1
131 54 0 1
132 54 0 1
133 54 0 1
134 54 0 1
135 54 0 1
136 54 0 1
137 54 0 1
138 54 0 1
139 54 0 1
140 54 0 1
141 54 0 1
142 54 0 1
143 54 0 1
144 54 0 1
126 53 0 1
127 53 0 1
128 53 0 1
129 53 0 1
130 53 0 1
131 53 0 1
132 53 0 1
133 53 0 1
134 53 0 1
135 53 0 1
136 53 0 1
137 53 0 1
138 53 0 1
139 53 0 1
140 53 0 1
141 53 0 1
142 53 0 1
143 53 0 1
144 53 0 1
126 52 0 1
127 52 0 1
128 52 0 1
129 52 0 1
130 52 0 1
131 52 0 1
132 52 0 1
133 52 0 1
134 52 0 1
135 52 0 1
136 52 0 1
137 52 0 1
138 52 0 1
139 52 0 1
140 52 0 1
141 52 0 1
142 52 0 1
143 52 0 1
144 52 0 1
127 51 0 1
128 51 0 1
129 51 0 1
130 51 0 1
131 51 0 1
132 51 0 1
133 51 0 1
134 51 0 1
135 51 0 1
136 51 0 1
137 51 0 1
138 51 0 1
139 51 0 1
140 51 0 1
141 51 0 1
142 51 0 1
143 51 0 1
127 50 0 1
128 50 0 1
129 50 0 1
130 50 0 1
131 50 0 1
132 50 0 1
133 50 0 1
134 50 0 1
135 50 0 1
136 50 0 1
137 50 0 1
138 50 0 1
139 50 0 1
140 50 0 1
141 50 0 1
142 50 0 1
143 50 0 1
128 49 0 1
129 49 0 1
130 49 0 1
131 49 0 1
132 49 0 1
133 49 0 1
134 49 0 1
135 49 0 1
136 49 0 1
137 49 0 1
138 49 0 1
139 49 0 1
140 49 0 1
141 49 0 1
142 49 0 1
129 48 0 1
130 48 0 1
131 48 0 1
132 48 0 1
133 48 0 1
134 48 0 1
135 48 0 1
136 48 0 1
137 48 0 1
138 48 0 1
139 48 0 1
140 48 0 1
141 48 0 1
131 47 0 1
132 47 0 1
133 47 0 1
134 47 0 1
135 47 0 1
136 47 0 1
137 47 0 1
138 47 0 1
139 47 0 1
135 46 0 1
51 99 0 1
47 98 0 2
48 98 0 2
49 98 0 2
50 98 0 2
51 98 0 2
52 98 0 1
53 98 0 1
54 98 0 1
55 98 0 1
45 97 0 1
46 97 0 2
47 97 0 2
48 97 0 2
49 97 0 2
50 97 0 2
51 97 0 2
52 97 0 2
53 97 0 1
54 97 0 1
55 97 0 1
56 97 0 1
57 97 0 1
44 96 0 1
45 96 0 1
46 96 0 1
47 96 0 2
48 96 0 2
49 96 0 2
50 96 0 2
51 96 0 2
52 96 0 2
53 96 0 1
54 96 0 1
55 96 0 1
56 96 0 1
57 96 0 1
58 96 0 1
43 95 0 1
44 95 0 1
45 95 0 1
46 95 0 1
47 95 0 2
48 95 0 2
49 95 0 2
50 95 0 2
51 95 0 2
52 95 0 2
53 95 0 2
54 95 0 2
55 95 0 1
56 95 0 1
57 95 0 1
58 95 0 1
59 95 0 2
43 94 0 1
44 94 0 1
45 94 0 1
46 94 0 1
47 94 0 2
48 94 0 2
49 94 0 2
50 94 0 2
51 94 0 2
52 94 0 2
53 94 0 2
54 94 0 2
55 94 0 2
56 94 0 1
57 94 0 1
58 94 0 1
59 94 0 2
42 93 0 1
43 93 0 1
44 93 0 1
45 93 0 1
46 93 0 1
47 93 0 1
48 93 0 1
49 93 0 1
50 93 0 2
51 93 0 2
52 93 0 2
53 93 0 2
54 93 0 2
55 93 0 2
56 93 0 2
57 93 0 1
58 93 0 1
59 93 0 2
60 93 0 2
42 92 0 1
43 92 0 1
44 92 0 1
45 92 0 1
46 92 0 1
47 92 0 1
48 92 0 1
49 92 0 1
50 92 0 2
51 92 0 2
52 92 0 2
53 92 0 2
54 92 0 2
55 92 0 2
56 92 0 2
57 92 0 2
58 92 0 2
59 92 0 2
60 92 0 2
42 91 0 1
43 91 0 1
44 91 0 1
45 91 0 1
46 91 0 1
47 91 0 1
48 91 0 1
49 91 0 1
50 91 0 1
51 91 0 2
52 91 0 2
53 91 0 2
54 91 0 2
55 91 0 2
56 91 0 2
57 91 0 2
58 91 0 2
59 91 0 2
60 91 0 2
42 90 0 1
43 90 0 1
44 90 0 1
45 90 0 1
46 90 0 1
47 90 0 1
48 90 0 1
49 90 0 1
50 90 0 1
51 90 0 2
52 90 0 2
53 90 0 2
54 90 0 2
55 90 0 2
56 90 0 2
57 90 0 2
58 90 0 2
59 90 0 2
60 90 0 2
41 89 0 1
42 89 0 1
43 89 0 1
44 89 0 1
45 89 0 1
46 89 0 1
47 89 0 1
48 89 0 1
49 89 0 1
50 89 0 1
51 89 0 2
52 89 0 2
53 89 0 2
54 89 0 2
55 89 0 2
56 89 0 2
57 89 0 2
58 89 0 2
59 89 0 2
60 89 0 2
61 89 0 2
42 88 0 1
43 88 0 1
44 88 0 1
45 88 0 1
46 88 0 1
47 88 0 1
48 88 0 1
49 88 0 1
50 88 0 1
51 88 0 1
52 88 0 2
53 88 0 2
54 88 0 2
55 88 0 2
56 88 0 2
57 88 0 2
58 88 0 2
59 88 0 2
60 88 0 2
42 87 0 1
43 87 0 1
44 87 0 1
45 87 0 1
46 87 0 1
47 87 0 1
48 87 0 1
49 87 0 1
50 87 0 1
51 87 0 1
52 87 0 1
53 87 0 2
54 87 0 2
55 87 0 2
56 87 0 2
57 87 0 2
58 87 0 2
59 87 0 2
60 87 0 2
42 86 0 1
43 86 0 1
44 86 0 1
45 86 0 1
46 86 0 1
47 86 0 1
48 86 0 1
49 86 0 1
50 86 0 1
51 86 0 1
52 86 0 1
53 86 0 1
54 86 0 2
55 86 0 2
56 86 0 2
57 86 0 2
58 86 0 2
59 86 0 2
60 86 0 2
42 85 0 1
43 85 0 1
44 85 0 1
45 85 0 1
46 85 0 1
47 85 0 1
48 85 0 1
49 85 0 1
50 85 0 1
51 85 0 1
52 85 0 1
53 85 0 1
54 85 0 1
55 85 0 2
56 85 0 2
57 85 0 2
58 85 0 2
59 85 0 2
60 85 0 2
43 84 0 1
44 84 0 1
45 84 0 1
46 84 0 1
47 84 0 1
48 84 0 1
49 84 0 1
50 84 0 1
51 84 0 1
52 84 0 1
53 84 0 1
54 84 0 1
55 84 0 2
56 84 0 2
57 84 0 2
58 84 0 2
59 84 0 2
43 83 0 1
44 83 0 1
45 83 0 1
46 83 0 1
47 83 0 1
48 83 0 1
49 83 0 1
50 83 0 1
51 83 0 1
52 83 0 1
53 83 0 1
54 83 0 1
55 83 0 2
56 83 0 2
57 83 0 2
58 83 0 2
59 83 0 2
44 82 0 1
45 82 0 1
46 82 0 1
47 82 0 1
48 82 0 1
49 82 0 1
50 82 0 1
51 82 0 1
52 82 0 1
53 82 0 1
54 82 0 1
55 82 0 1
56 82 0 2
57 82 0 2
58 82 0 2
45 81 0 1
46 81 0 1
47 81 0 1
48 81 0 1
49 81 0 1
50 81 0 1
51 81 0 1
52 81 0 1
53 81 0 1
54 81 0 1
55 81 0 1
56 81 0 2
57 81 0 2
47 80 0 1
48 80 0 1
49 80 0 1
50 80 0 1
51 80 0 1
52 80 0 1
53 80 0 1
54 80 0 1
55 80 0 1
51 79 0 1
48 67 0 1
44 66 0 1
45 66 0 1
46 66 0 1
47 66 0 1
48 66 0 1
49 66 0 2
50 66 0 2
51 66 0 2
52 66 0 2
42 65 0 1
43 65 0 1
44 65 0 1
45 65 0 1
46 65 0 1
47 65 0 1
48 65 0 2
49 65 0 2
50 65 0 2
51 65 0 2
52 65 0 2
53 65 0 2
54 65 0 2
41 64 0 1
42 64 0 1
43 64 0 1
44 64 0 1
45 64 0 1
46 64 0 1
47 64 0 2
48 64 0 2
49 64 0 2
50 64 0 2
51 64 0 2
52 64 0 2
53 64 0 2
54 64 0 2
55 64 0 1
40 63 0 1
41 63 0 1
42 63 0 1
43 63 0 1
44 63 0 1
45 63 0 1
46 63 0 2
47 63 0 2
48 63 0 2
49 63 0 2
50 63 0 2
51 63 0 2
52 63 0 2
53 63 0 2
54 63 0 1
55 63 0 1
56 63 0 1
40 62 0 1
41 62 0 1
42 62 0 1
43 62 0 1
44 62 0 1
45 62 0 2
46 62 0 2
47 62 0 2
48 62 0 2
49 62 0 2
50 62 0 2
51 62 0 2
52 62 0 2
53 62 0 2
54 62 0 1
55 62 0 1
56 62 0 1
39 61 0 1
40 61 0 1
41 61 0 1
42 61 0 1
43 61 0 1
44 61 0 1
45 61 0 2
46 61 0 2
47 61 0 2
48 61 0 2
49 61 0 2
50 61 0 2
51 61 0 2
52 61 0 2
53 61 0 2
54 61 0 1
55 61 0 1
56 61 0 1
57 61 0 1
39 60 0 1
40 60 0 1
41 60 0 1
42 60 0 1
43 60 0 1
44 60 0 1
45 60 0 2
46 60 0 2
47 60 0 2
48 60 0 2
49 60 0 2
50 60 0 2
51 60 0 2
52 60 0 2
53 60 0 1
54 60 0 1
55 60 0 1
56 60 0 1
57 60 0 1
39 59 0 1
40 59 0 1
41 59 0 1
42 59 0 1
43 59 0 1
44 59 0 2
45 59 0 2
46 59 0 2
47 59 0 2
48 59 0 2
49 59 0 2
50 59 0 2
51 59 0 2
52 59 0 1
53 59 0 1
54 59 0 1
55 59 0 1
56 59 0 1
57 59 0 1
39 58 0 1
40 58 0 1
41 58 0 1
42 58 0 1
43 58 0 1
44 58 0 2
45 58 0 2
46 58 0 2
47 58 0 2
48 58 0 2
49 58 0 2
50 58 0 2
51 58 0 2
52 58 0 1
53 58 0 1
54 58 0 1
55 58 0 1
56 58 0 1
57 58 0 1
38 57 0 1
39 57 0 1
40 57 0 1
41 57 0 1
42 57 0 1
43 57 0 1
44 57 0 2
45 57 0 2
46 57 0 2
47 57 0 2
48 57 0 2
49 57 0 2
50 57 0 2
51 57 0 2
52 57 0 1
53 57 0 1
54 57 0 1
55 57 0 1
56 57 0 1
57 57 0 1
58 57 0 1
39 56 0 1
40 56 0 1
41 56 0 1
42 56 0 1
43 56 0 1
44 56 0 2
45 56 0 2
46 56 0 2
47 56 0 2
48 56 0 2
49 56 0 2
50 56 0 2
51 56 0 2
52 56 0 1
53 56 0 1
54 56 0 1
55 56 0 1
56 56 0 1
57 56 0 1
39 55 0 1
40 55 0 1
41 55 0 1
42 55 0 1
43 55 0 1
44 55 0 2
45 55 0 2
46 55 0 2
47 55 0 2
48 55 0 2
49 55 0 2
50 55 0 2
51 55 0 2
52 55 0 2
53 55 0 1
54 55 0 1
55 55 0 1
56 55 0 1
57 55 0 1
39 54 0 1
40 54 0 1
41 54 0 1
42 54 0 1
43 54 0 2
44 54 0 2
45 54 0 2
46 54 0 2
47 54 0 2
48 54 0 2
49 54 0 2
50 54 0 2
51 54 0 2
52 54 0 2
53 54 0 1
54 54 0 1
55 54 0 1
56 54 0 1
57 54 0 1
39 53 0 1
40 53 0 1
41 53 0 1
42 53 0 1
43 53 0 2
44 53 0 2
45 53 0 2
46 53 0 2
47 53 0 2
48 53 0 2
49 53 0 2
50 53 0 2
51 53 0 2
52 53 0 2
53 53 0 1
54 53 0 1
55 53 0 1
56 53 0 1
57 53 0 1
40 52 0 1
41 52 0 1
42 52 0 1
43 52 0 2
44 52 0 2
45 52 0 2
46 52 0 2
47 52 0 2
48 52 0 2
49 52 0 2
50 52 0 2
51 52 0 2
52 52 0 1
53 52 0 1
54 52 0 1
55 52 0 1
56 52 0 1
40 51 0 1
41 51 0 1
42 51 0 1
43 51 0 2
44 51 0 2
45 51 0 2
46 51 0 2
47 51 0 2
48 51 0 2
49 51 0 2
50 51 0 2
51 51 0 2
52 51 0 1
53 51 0 1
54 51 0 1
55 51 0 1
56 51 0 1
41 50 0 1
42 50 0 1
43 50 0 2
44 50 0 2
45 50 0 2
46 50 0 2
47 50 0 2
48 50 0 2
49 50 0 2
50 50 0 2
51 50 0 2
52 50 0 1
53 50 0 1
54 50 0 1
55 50 0 1
42 49 0 1
43 49 0 2
44 49 0 2
45 49 0 2
46 49 0 2
47 49 0 2
48 49 0 2
49 49 0 2
50 49 0 2
51 49 0 2
52 49 0 1
53 49 0 1
54 49 0 1
44 48 0 2
45 48 0 2
46 48 0 2
47 48 0 2
48 48 0 2
49 48 0 2
50 48 0 2
51 48 0 2
52 48 0 1
48 47 0 2
213 51 0 1
209 50 0 1
210 50 0 1
211 50 0 1
212 50 0 1
213 50 0 1
214 50 0 1
215 50 0 1
216 50 0 1
217 50 0 1
207 49 0 1
208 49 0 1
209 49 0 1
210 49 0 1
211 49 0 1
212 49 0 1
213 49 0 1
214 49 0 1
215 49 0 1
216 49 0 1
217 49 0 1
218 49 0 1
219 49 0 1
206 48 0 2
207 48 0 1
208 48 0 1
209 48 0 1
210 48 0 1
211 48 0 1
212 48 0 1
213 48 0 1
214 48 0 1
215 48 0 1
216 48 0 1
217 48 0 1
218 48 0 1
219 48 0 1
220 48 0 1
205 47 0 2
206 47 0 2
207 47 0 1
208 47 0 1
209 47 0 1
210 47 0 1
211 47 0 1
212 47 0 1
213 47 0 1
214 47 0 1
215 47 0 1
216 47 0 1
217 47 0 1
218 47 0 1
219 47 0 1
220 47 0 1
221 47 0 1
205 46 0 2
206 46 0 2
207 46 0 1
208 46 0 1
209 46 0 1
210 46 0 1
211 46 0 1
212 46 0 1
213 46 0 1
214 46 0 1
215 46 0 1
216 46 0 1
217 46 0 1
218 46 0 1
219 46 0 1
220 46 0 1
221 46 0 1
204 45 0 2
205 45 0 2
206 45 0 2
207 45 0 1
208 45 0 1
209 45 0 1
210 45 0 1
211 45 0 1
212 45 0 1
213 45 0 1
214 45 0 1
215 45 0 1
216 45 0 1
217 45 0 1
218 45 0 1
219 45 0 1
220 45 0 1
221 45 0 1
222 45 0 1
204 44 0 2
205 44 0 2
206 44 0 2
207 44 0 1
208 44 0 1
209 44 0 1
210 44 0 1
211 44 0 1
212 44 0 1
213 44 0 1
214 44 0 1
215 44 0 1
216 44 0 1
217 44 0 1
218 44 0 1
219 44 0 1
220 44 0 1
221 44 0 1
222 44 0 1
204 43 0 2
205 43 0 2
206 43 0 2
207 43 0 1
208 43 0 1
209 43 0 1
210 43 0 1
211 43 0 1
212 43 0 1
213 43 0 1
214 43 0 1
215 43 0 1
216 43 0 1
217 43 0 1
218 43 0 1
219 43 0 1
220 43 0 1
221 43 0 1
222 43 0 1
204 42 0 2
205 42 0 2
206 42 0 2
207 42 0 2
208 42 0 1
209 42 0 1
210 42 0 1
211 42 0 1
212 42 0 1
213 42 0 1
214 42 0 1
215 42 0 1
216 42 0 1
217 42 0 1
218 42 0 1
219 42 0 1
220 42 0 1
221 42 0 1
222 42 0 1
203 41 0 2
204 41 0 2
205 41 0 2
206 41 0 2
207 41 0 2
208 41 0 1
209 41 0 1
210 41 0 1
211 41 0 1
212 41 0 1
213 41 0 1
214 41 0 1
215 41 0 1
216 41 0 1
217 41 0 1
218 41 0 1
219 41 0 1
220 41 0 1
221 41 0 1
222 41 0 1
223 41 0 1
204 40 0 2
205 40 0 2
206 40 0 2
207 40 0 2
208 40 0 1
209 40 0 1
210 40 0 1
211 40 0 1
212 40 0 1
213 40 0 1
214 40 0 1
215 40 0 1
216 40 0 1
217 40 0 1
218 40 0 1
219 40 0 1
220 40 0 1
221 40 0 1
222 40 0 1
204 39 0 2
205 39 0 2
206 39 0 2
207 39 0 2
208 39 0 2
209 39 0 1
210 39 0 1
211 39 0 1
212 39 0 1
213 39 0 1
214 39 0 1
215 39 0 1
216 39 0 1
217 39 0 1
218 39 0 1
219 39 0 1
220 39 0 1
221 39 0 1
222 39 0 1
204 38 0 2
205 38 0 2
206 38 0 2
207 38 0 2
208 38 0 2
209 38 0 1
210 38 0 1
211 38 0 1
212 38 0 1
213 38 0 1
214 38 0 1
215 38 0 1
216 38 0 1
217 38 0 1
218 38 0 1
219 38 0 1
220 38 0 1
221 38 0 1
222 38 0 1
204 37 0 2
205 37 0 2
206 37 0 2
207 37 0 2
208 37 0 2
209 37 0 2
210 37 0 1
211 37 0 1
212 37 0 1
213 37 0 1
214 37 0 1
215 37 0 1
216 37 0 1
217 37 0 1
218 37 0 1
219 37 0 1
220 37 0 1
221 37 0 1
222 37 0 1
205 36 0 2
206 36 0 2
207 36 0 2
208 36 0 2
209 36 0 2
210 36 0 2
211 36 0 1
212 36 0 1
213 36 0 1
214 36 0 1
215 36 0 1
216 36 0 1
217 36 0 1
218 36 0 1
219 36 0 1
220 36 0 1
221 36 0 1
205 35 0 2
206 35 0 2
207 35 0 2
208 35 0 2
209 35 0 2
210 35 0 2
211 35 0 2
212 35 0 1
213 35 0 1
214 35 0 1
215 35 0 1
216 35 0 1
217 35 0 1
218 35 0 1
219 35 0 1
220 35 0 1
221 35 0 1
206 34 0 2
207 34 0 2
208 34 0 2
209 34 0 2
210 34 0 2
211 34 0 2
212 34 0 1
213 34 0 1
214 34 0 1
215 34 0 1
216 34 0 1
217 34 0 1
218 34 0 1
219 34 0 1
220 34 0 1
207 33 0 2
208 33 0 2
209 33 0 2
210 33 0 2
211 33 0 2
212 33 0 2
213 33 0 2
214 33 0 1
215 33 0 1
216 33 0 1
217 33 0 1
218 33 0 1
219 33 0 1
209 32 0 2
210 32 0 2
211 32 0 2
212 32 0 2
213 32 0 2
214 32 0 2
215 32 0 1
216 32 0 1
217 32 0 1
213 31 0 2
206 210 0 1
202 209 0 1
203 209 0 1
204 209 0 1
205 209 0 1
206 209 0 1
207 209 0 1
208 209 0 1
209 209 0 1
210 209 0 1
200 208 0 1
201 208 0 1
202 208 0 1
203 208 0 1
204 208 0 1
205 208 0 1
206 208 0 1
207 208 0 1
208 208 0 1
209 208 0 1
210 208 0 2
211 208 0 2
212 208 0 2
199 207 0 1
200 207 0 1
201 207 0 1
202 207 0 1
203 207 0 1
204 207 0 1
205 207 0 1
206 207 0 1
207 207 0 1
208 207 0 2
209 207 0 2
210 207 0 2
211 207 0 2
212 207 0 2
213 207 0 2
198 206 0 1
199 206 0 1
200 206 0 1
201 206 0 1
202 206 0 1
203 206 0 1
204 206 0 1
205 206 0 1
206 206 0 1
207 206 0 2
208 206 0 2
209 206 0 2
210 206 0 2
211 206 0 2
212 206 0 2
213 206 0 2
214 206 0 2
198 205 0 1
199 205 0 1
200 205 0 1
201 205 0 1
202 205 0 1
203 205 0 1
204 205 0 2
205 205 0 2
206 205 0 2
207 205 0 2
208 205 0 2
209 205 0 2
210 205 0 2
211 205 0 2
212 205 0 2
213 205 0 2
214 205 0 2
197 204 0 1
198 204 0 1
199 204 0 1
200 204 0 1
201 204 0 1
202 204 0 2
203 204 0 2
204 204 0 2
205 204 0 2
206 204 0 2
207 204 0 2
208 204 0 2
209 204 0 2
210 204 0 2
211 204 0 2
212 204 0 2
213 204 0 1
214 204 0 1
215 204 0 1
197 203 0 1
198 203 0 1
199 203 0 1
200 203 0 1
201 203 0 2
202 203 0 2
203 203 0 2
204 203 0 2
205 203 0 2
206 203 0 2
207 203 0 2
208 203 0 2
209 203 0 2
210 203 0 1
211 203 0 1
212 203 0 1
213 203 0 1
214 203 0 1
215 203 0 1
197 202 0 1
198 202 0 2
199 202 0 2
200 202 0 2
201 202 0 2
202 202 0 2
203 202 0 2
204 202 0 2
205 202 0 2
206 202 0 2
207 202 0 2
208 202 0 2
209 202 0 1
210 202 0 1
211 202 0 1
212 202 0 1
213 202 0 1
214 202 0 1
215 202 0 1
197 201 0 2
198 201 0 2
199 201 0 2
200 201 0 2
201 201 0 2
202 201 0 2
203 201 0 2
204 201 0 2
205 201 0 2
206 201 0 2
207 201 0 2
208 201 0 2
209 201 0 1
210 201 0 1
211 201 0 1
212 201 0 1
213 201 0 1
214 201 0 1
215 201 0 1
196 200 0 2
197 200 0 2
198 200 0 2
199 200 0 2
200 200 0 2
201 200 0 2
202 200 0 2
203 200 0 2
204 200 0 2
205 200 0 2
206 200 0 2
207 200 0 1
208 200 0 1
209 200 0 1
210 200 0 1
211 200 0 1
212 200 0 1
213 200 0 1
214 200 0 1
215 200 0 1
216 200 0 1
197 199 0 2
198 199 0 2
199 199 0 2
200 199 0 2
201 199 0 2
202 199 0 2
203 199 0 2
204 199 0 1
205 199 0 1
206 199 0 1
207 199 0 1
208 199 0 1
209 199 0 1
210 199 0 1
211 199 0 1
212 199 0 1
213 199 0 1
214 199 0 1
215 199 0 1
197 198 0 2
198 198 0 2
199 198 0 2
200 198 0 2
201 198 0 2
202 198 0 2
203 198 0 2
204 198 0 1
205 198 0 1
206 198 0 1
207 198 0 1
208 198 0 1
209 198 0 1
210 198 0 1
211 198 0 1
212 198 0 1
213 198 0 1
214 198 0 1
215 198 0 1
197 197 0 2
198 197 0 2
199 197 0 2
200 197 0 2
201 197 0 2
202 197 0 1
203 197 0 1
204 197 0 1
205 197 0 1
206 197 0 1
207 197 0 1
208 197 0 1
209 197 0 1
210 197 0 1
211 197 0 1
212 197 0 1
213 197 0 1
214 197 0 1
215 197 0 1
197 196 0 2
198 196 0 2
199 196 0 2
200 196 0 2
201 196 0 1
202 196 0 1
203 196 0 1
204 196 0 1
205 196 0 1
206 196 0 1
207 196 0 1
208 196 0 1
209 196 0 1
210 196 0 1
211 196 0 1
212 196 0 1
213 196 0 1
214 196 0 1
215 196 0 1
198 195 0 2
199 195 0 1
200 195 0 1
201 195 0 1
202 195 0 1
203 195 0 1
204 195 0 1
205 195 0 1
206 195 0 1
207 195 0 1
208 195 0 1
209 195 0 1
210 195 0 1
211 195 0 1
212 195 0 1
213 195 0 1
214 195 0 1
198 194 0 1
199 194 0 1
200 194 0 1
201 194 0 1
202 194 0 1
203 194 0 1
204 194 0 1
205 194 0 1
206 194 0 1
207 194 0 1
208 194 0 1
209 194 0 1
210 194 0 1
211 194 0 1
212 194 0 1
213 194 0 1
214 194 0 1
199 193 0 1
200 193 0 1
201 193 0 1
202 193 0 1
203 193 0 1
204 193 0 1
205 193 0 1
206 193 0 1
207 193 0 1
208 193 0 1
209 193 0 1
210 193 0 1
211 193 0 1
212 193 0 1
213 193 0 1
200 192 0 1
201 192 0 1
202 192 0 1
203 192 0 1
204 192 0 1
205 192 0 1
206 192 0 1
207 192 0 1
208 192 0 1
209 192 0 1
210 192 0 1
211 192 0 1
212 192 0 1
202 191 0 1
203 191 0 1
204 191 0 1
205 191 0 1
206 191 0 1
207 191 0 1
208 191 0 1
209 191 0 1
210 191 0 1
206 190 0 1
112 220 0 1
108 219 0 1
109 219 0 1
110 219 0 1
111 219 0 1
112 219 0 1
113 219 0 1
114 219 0 1
115 219 0 1
116 219 0 1
106 218 0 1
107 218 0 1
108 218 0 1
109 218 0 1
110 218 0 1
111 218 0 1
112 218 0 1
113 218 0 1
114 218 0 1
115 218 0 1
116 218 0 1
117 218 0 1
118 218 0 1
105 217 0 2
106 217 0 1
107 217 0 1
108 217 0 1
109 217 0 1
110 217 0 1
111 217 0 1
112 217 0 1
113 217 0 1
114 217 0 1
115 217 0 1
116 217 0 1
117 217 0 1
118 217 0 1
119 217 0 1
104 216 0 2
105 216 0 2
106 216 0 1
107 216 0 1
108 216 0 1
109 216 0 1
110 216 0 1
111 216 0 1
112 216 0 1
113 216 0 1
114 216 0 1
115 216 0 1
116 216 0 1
117 216 0 1
118 216 0 1
119 216 0 1
120 216 0 1
104 215 0 2
105 215 0 2
106 215 0 2
107 215 0 1
108 215 0 1
109 215 0 1
110 215 0 1
111 215 0 1
112 215 0 1
113 215 0 1
114 215 0 1
115 215 0 1
116 215 0 1
117 215 0 1
118 215 0 1
119 215 0 1
120 215 0 1
103 214 0 2
104 214 0 2
105 214 0 2
106 214 0 2
107 214 0 1
108 214 0 1
109 214 0 1
110 214 0 1
111 214 0 1
112 214 0 1
113 214 0 1
114 214 0 1
115 214 0 1
116 214 0 1
117 214 0 1
118 214 0 1
119 214 0 1
120 214 0 1
121 214 0 1
103 213 0 2
104 213 0 2
105 213 0 2
106 213 0 2
107 213 0 1
108 213 0 1
109 213 0 1
110 213 0 1
111 213 0 1
112 213 0 1
113 213 0 1
114 213 0 1
115 213 0 1
116 213 0 1
117 213 0 1
118 213 0 1
119 213 0 1
120 213 0 1
121 213 0 1
103 212 0 2
104 212 0 2
105 212 0 2
106 212 0 2
107 212 0 1
108 212 0 1
109 212 0 1
110 212 0 1
111 212 0 1
112 212 0 1
113 212 0 1
114 212 0 1
115 212 0 1
116 212 0 1
117 212 0 1
118 212 0 1
119 212 0 1
120 212 0 1
121 212 0 1
103 211 0 2
104 211 0 2
105 211 0 2
106 211 0 2
107 211 0 1
108 211 0 1
109 211 0 1
110 211 0 1
111 211 0 1
112 211 0 1
113 211 0 1
114 211 0 1
115 211 0 1
116 211 0 1
117 211 0 1
118 211 0 1
119 211 0 1
120 211 0 1
121 211 0 1
102 210 0 2
103 210 0 2
104 210 0 2
105 210 0 2
106 210 0 2
107 210 0 1
108 210 0 1
109 210 0 1
110 210 0 1
111 210 0 1
112 210 0 1
113 210 0 1
114 210 0 1
115 210 0 1
116 210 0 1
117 210 0 1
118 210 0 1
119 210 0 1
120 210 0 1
121 210 0 1
122 210 0 2
103 209 0 2
104 209 0 2
105 209 0 2
106 209 0 1
107 209 0 1
108 209 0 1
109 209 0 1
110 209 0 1
111 209 0 1
112 209 0 1
113 209 0 1
114 209 0 1
115 209 0 1
116 209 0 1
117 209 0 1
118 209 0 1
119 209 0 1
120 209 0 1
121 209 0 1
103 208 0 2
104 208 0 2
105 208 0 1
106 208 0 1
107 208 0 1
108 208 0 1
109 208 0 1
110 208 0 1
111 208 0 1
112 208 0 1
113 208 0 1
114 208 0 1
115 208 0 1
116 208 0 1
117 208 0 1
118 208 0 1
119 208 0 1
120 208 0 1
121 208 0 1
103 207 0 2
104 207 0 2
105 207 0 1
106 207 0 1
107 207 0 1
108 207 0 1
109 207 0 1
110 207 0 1
111 207 0 1
112 207 0 1
113 207 0 1
114 207 0 1
115 207 0 1
116 207 0 1
117 207 0 1
118 207 0 1
119 207 0 1
120 207 0 1
121 207 0 1
103 206 0 2
104 206 0 2
105 206 0 1
106 206 0 1
107 206 0 1
108 206 0 1
109 206 0 1
110 206 0 1
111 206 0 1
112 206 0 1
113 206 0 1
114 206 0 1
115 206 0 1
116 206 0 1
117 206 0 1
118 206 0 1
119 206 0 1
120 206 0 1
121 206 0 2
104 205 0 2
105 205 0 1
106 205 0 1
107 205 0 1
108 205 0 1
109 205 0 1
110 205 0 1
111 205 0 1
112 205 0 1
113 205 0 1
114 205 0 1
115 205 0 1
116 205 0 1
117 205 0 1
118 205 0 1
119 205 0 1
120 205 0 1
104 204 0 2
105 204 0 1
106 204 0 1
107 204 0 1
108 204 0 1
109 204 0 1
110 204 0 1
111 204 0 1
112 204 0 1
113 204 0 1
114 204 0 1
115 204 0 1
116 204 0 1
117 204 0 1
118 204 0 1
119 204 0 1
120 204 0 1
105 203 0 1
106 203 0 1
107 203 0 1
108 203 0 1
109 203 0 1
110 203 0 1
111 203 0 1
112 203 0 1
113 203 0 1
114 203 0 1
115 203 0 1
116 203 0 1
117 203 0 1
118 203 0 1
119 203 0 1
106 202 0 1
107 202 0 1
108 202 0 1
109 202 0 1
110 202 0 1
111 202 0 1
112 202 0 1
113 202 0 1
114 202 0 1
115 202 0 1
116 202 0 1
117 202 0 1
118 202 0 1
108 201 0 1
109 201 0 1
110 201 0 1
111 201 0 1
112 201 0 1
113 201 0 1
114 201 0 1
115 201 0 1
116 201 0 1
112 200 0 1
68 232 0 1
64 231 0 1
65 231 0 1
66 231 0 1
67 231 0 1
68 231 0 1
69 231 0 1
70 231 0 1
71 231 0 1
72 231 0 1
62 230 0 1
63 230 0 1
64 230 0 1
65 230 0 1
66 230 0 1
67 230 0 1
68 230 0 1
69 230 0 1
70 230 0 1
71 230 0 1
72 230 0 1
73 230 0 2
74 230 0 2
61 229 0 1
62 229 0 1
63 229 0 1
64 229 0 1
65 229 0 1
66 229 0 1
67 229 0 1
68 229 0 1
69 229 0 1
70 229 0 1
71 229 0 1
72 229 0 1
73 229 0 2
74 229 0 2
75 229 0 2
60 228 0 1
61 228 0 1
62 228 0 1
63 228 0 1
64 228 0 1
65 228 0 1
66 228 0 1
67 228 0 1
68 228 0 1
69 228 0 1
70 228 0 1
71 228 0 1
72 228 0 1
73 228 0 2
74 228 0 2
75 228 0 2
76 228 0 2
60 227 0 1
61 227 0 1
62 227 0 1
63 227 0 1
64 227 0 1
65 227 0 1
66 227 0 1
67 227 0 1
68 227 0 1
69 227 0 1
70 227 0 1
71 227 0 1
72 227 0 1
73 227 0 2
74 227 0 2
75 227 0 2
76 227 0 2
59 226 0 1
60 226 0 1
61 226 0 1
62 226 0 1
63 226 0 1
64 226 0 1
65 226 0 1
66 226 0 1
67 226 0 1
68 226 0 1
69 226 0 1
70 226 0 1
71 226 0 1
72 226 0 1
73 226 0 2
74 226 0 2
75 226 0 2
76 226 0 2
77 226 0 2
59 225 0 1
60 225 0 1
61 225 0 1
62 225 0 1
63 225 0 1
64 225 0 1
65 225 0 1
66 225 0 1
67 225 0 1
68 225 0 1
69 225 0 1
70 225 0 1
71 225 0 1
72 225 0 1
73 225 0 2
74 225 0 2
75 225 0 2
76 225 0 2
77 225 0 2
59 224 0 1
60 224 0 1
61 224 0 1
62 224 0 1
63 224 0 1
64 224 0 1
65 224 0 1
66 224 0 1
67 224 0 1
68 224 0 1
69 224 0 1
70 224 0 1
71 224 0 1
72 224 0 1
73 224 0 2
74 224 0 2
75 224 0 2
76 224 0 2
77 224 0 2
59 223 0 1
60 223 0 1
61 223 0 1
62 223 0 1
63 223 0 1
64 223 0 1
65 223 0 1
66 223 0 1
67 223 0 1
68 223 0 1
69 223 0 1
70 223 0 1
71 223 0 1
72 223 0 2
73 223 0 2
74 223 0 2
75 223 0 2
76 223 0 2
77 223 0 2
58 222 0 1
59 222 0 1
60 222 0 1
61 222 0 1
62 222 0 1
63 222 0 1
64 222 0 1
65 222 0 1
66 222 0 1
67 222 0 1
68 222 0 1
69 222 0 1
70 222 0 1
71 222 0 2
72 222 0 2
73 222 0 2
74 222 0 2
75 222 0 2
76 222 0 2
77 222 0 2
78 222 0 2
59 221 0 1
60 221 0 1
61 221 0 1
62 221 0 1
63 221 0 1
64 221 0 1
65 221 0 1
66 221 0 1
67 221 0 1
68 221 0 1
69 221 0 1
70 221 0 1
71 221 0 2
72 221 0 2
73 221 0 2
74 221 0 2
75 221 0 2
76 221 0 2
77 221 0 2
59 220 0 1
60 220 0 1
61 220 0 1
62 220 0 1
63 220 0 1
64 220 0 1
65 220 0 1
66 220 0 1
67 220 0 1
68 220 0 1
69 220 0 1
70 220 0 1
71 220 0 2
72 220 0 2
73 220 0 2
74 220 0 2
75 220 0 2
76 220 0 2
77 220 0 2
59 219 0 1
60 219 0 1
61 219 0 1
62 219 0 1
63 219 0 1
64 219 0 1
65 219 0 1
66 219 0 1
67 219 0 1
68 219 0 1
69 219 0 1
70 219 0 1
71 219 0 2
72 219 0 2
73 219 0 2
74 219 0 2
75 219 0 2
76 219 0 2
77 219 0 2
59 218 0 1
60 218 0 1
61 218 0 1
62 218 0 1
63 218 0 1
64 218 0 1
65 218 0 1
66 218 0 1
67 218 0 1
68 218 0 1
69 218 0 1
70 218 0 1
71 218 0 2
72 218 0 2
73 218 0 2
74 218 0 2
75 218 0 2
76 218 0 2
77 218 0 2
60 217 0 1
61 217 0 1
62 217 0 1
63 217 0 1
64 217 0 1
65 217 0 1
66 217 0 1
67 217 0 1
68 217 0 1
69 217 0 1
70 217 0 1
71 217 0 2
72 217 0 2
73 217 0 2
74 217 0 2
75 217 0 2
76 217 0 2
60 216 0 1
61 216 0 1
62 216 0 1
63 216 0 1
64 216 0 1
65 216 0 1
66 216 0 1
67 216 0 1
68 216 0 1
69 216 0 1
70 216 0 1
71 216 0 2
72 216 0 2
73 216 0 2
74 216 0 2
75 216 0 2
76 216 0 2
61 215 0 1
62 215 0 1
63 215 0 1
64 215 0 1
65 215 0 1
66 215 0 1
67 215 0 1
68 215 0 1
69 215 0 1
70 215 0 2
71 215 0 2
72 215 0 2
73 215 0 2
74 215 0 2
75 215 0 2
62 214 0 1
63 214 0 1
64 214 0 1
65 214 0 1
66 214 0 1
67 214 0 1
68 214 0 1
69 214 0 1
70 214 0 2
71 214 0 2
72 214 0 2
73 214 0 2
74 214 0 2
64 213 0 1
65 213 0 1
66 213 0 1
67 213 0 1
68 213 0 1
69 213 0 1
70 213 0 2
71 213 0 2
72 213 0 2
68 212 0 1
