204 133 0 1
201 134 0 1
202 134 0 1
203 134 0 1
204 134 0 1
205 134 0 1
206 134 0 1
207 134 0 1
200 135 0 1
201 135 0 1
202 135 0 1
203 135 0 1
204 135 0 1
205 135 0 1
206 135 0 1
207 135 0 1
208 135 0 1
200 136 0 1
201 136 0 1
202 136 0 1
203 136 0 1
204 136 0 1
205 136 0 1
206 136 0 1
207 136 0 1
208 136 0 1
200 137 0 1
201 137 0 1
202 137 0 1
203 137 0 1
204 137 0 1
205 137 0 1
206 137 0 1
207 137 0 1
208 137 0 1
199 138 0 1
200 138 0 1
201 138 0 1
202 138 0 1
203 138 0 1
204 138 0 1
205 138 0 1
206 138 0 1
207 138 0 1
208 138 0 1
209 138 0 1
200 139 0 1
201 139 0 1
202 139 0 1
203 139 0 1
204 139 0 1
205 139 0 1
206 139 0 1
207 139 0 1
208 139 0 1
200 140 0 1
201 140 0 1
202 140 0 1
203 140 0 1
204 140 0 1
205 140 0 1
206 140 0 1
207 140 0 1
208 140 0 1
200 141 0 1
201 141 0 1
202 141 0 1
203 141 0 1
204 141 0 1
205 141 0 1
206 141 0 1
207 141 0 1
208 141 0 1
201 142 0 1
202 142 0 1
203 142 0 1
204 142 0 1
205 142 0 1
206 142 0 1
207 142 0 1
204 143 0 1
189 150 0 1
186 151 0 2
187 151 0 2
188 151 0 2
189 151 0 2
190 151 0 2
191 151 0 1
192 151 0 1
185 152 0 2
186 152 0 2
187 152 0 2
188 152 0 2
189 152 0 2
190 152 0 2
191 152 0 2
192 152 0 1
193 152 0 1
185 153 0 2
186 153 0 2
187 153 0 2
188 153 0 2
189 153 0 2
190 153 0 2
191 153 0 2
192 153 0 2
193 153 0 2
185 154 0 2
186 154 0 2
187 154 0 2
188 154 0 2
189 154 0 2
190 154 0 2
191 154 0 2
192 154 0 2
193 154 0 2
184 155 0 2
185 155 0 2
186 155 0 2
187 155 0 2
188 155 0 2
189 155 0 2
190 155 0 2
191 155 0 2
192 155 0 2
193 155 0 2
194 155 0 2
185 156 0 2
186 156 0 2
187 156 0 2
188 156 0 2
189 156 0 2
190 156 0 2
191 156 0 2
192 156 0 2
193 156 0 2
185 157 0 2
186 157 0 2
187 157 0 2
188 157 0 2
189 157 0 2
190 157 0 2
191 157 0 2
192 157 0 2
193 157 0 2
185 158 0 2
186 158 0 2
187 158 0 2
188 158 0 2
189 158 0 2
190 158 0 2
191 158 0 2
192 158 0 2
193 158 0 2
186 159 0 1
187 159 0 1
188 159 0 2
189 159 0 2
190 159 0 2
191 159 0 2
192 159 0 2
189 160 0 1
