48 32 0 1
45 33 0 1
46 33 0 1
47 33 0 1
48 33 0 1
49 33 0 2
50 33 0 2
51 33 0 2
44 34 0 1
45 34 0 1
46 34 0 1
47 34 0 1
48 34 0 2
49 34 0 2
50 34 0 2
51 34 0 2
52 34 0 2
44 35 0 1
45 35 0 1
46 35 0 1
47 35 0 2
48 35 0 2
49 35 0 2
50 35 0 2
51 35 0 2
52 35 0 2
44 36 0 1
45 36 0 1
46 36 0 2
47 36 0 2
48 36 0 2
49 36 0 2
50 36 0 2
51 36 0 2
52 36 0 2
43 37 0 1
44 37 0 2
45 37 0 2
46 37 0 2
47 37 0 2
48 37 0 2
49 37 0 2
50 37 0 2
51 37 0 2
52 37 0 2
53 37 0 2
44 38 0 2
45 38 0 2
46 38 0 2
47 38 0 2
48 38 0 2
49 38 0 2
50 38 0 2
51 38 0 2
52 38 0 2
44 39 0 2
45 39 0 2
46 39 0 2
47 39 0 2
48 39 0 2
49 39 0 2
50 39 0 2
51 39 0 2
52 39 0 2
44 40 0 2
45 40 0 2
46 40 0 2
47 40 0 2
48 40 0 2
49 40 0 2
50 40 0 2
51 40 0 1
52 40 0 1
45 41 0 2
46 41 0 2
47 41 0 2
48 41 0 2
49 41 0 2
50 41 0 1
51 41 0 1
48 42 0 2
152 46 0 1
149 47 0 2
150 47 0 2
151 47 0 2
152 47 0 2
153 47 0 2
154 47 0 2
155 47 0 1
148 48 0 2
149 48 0 2
150 48 0 2
151 48 0 2
152 48 0 2
153 48 0 2
154 48 0 2
155 48 0 1
156 48 0 1
148 49 0 2
149 49 0 2
150 49 0 2
151 49 0 2
152 49 0 2
153 49 0 2
154 49 0 2
155 49 0 1
156 49 0 1
148 50 0 2
149 50 0 2
150 50 0 2
151 50 0 2
152 50 0 2
153 50 0 2
154 50 0 2
155 50 0 2
156 50 0 2
147 51 0 1
148 51 0 1
149 51 0 1
150 51 0 2
151 51 0 2
152 51 0 2
153 51 0 2
154 51 0 2
155 51 0 2
156 51 0 2
157 51 0 2
148 52 0 1
149 52 0 1
150 52 0 1
151 52 0 2
152 52 0 2
153 52 0 2
154 52 0 2
155 52 0 2
156 52 0 2
148 53 0 1
149 53 0 1
150 53 0 1
151 53 0 1
152 53 0 1
153 53 0 2
154 53 0 2
155 53 0 2
156 53 0 2
148 54 0 1
149 54 0 1
150 54 0 1
151 54 0 1
152 54 0 1
153 54 0 2
154 54 0 2
155 54 0 2
156 54 0 2
149 55 0 1
150 55 0 1
151 55 0 1
152 55 0 1
153 55 0 1
154 55 0 2
155 55 0 2
152 56 0 1
180 19 0 1
177 20 0 1
178 20 0 1
179 20 0 1
180 20 0 1
181 20 0 1
182 20 0 2
183 20 0 2
176 21 0 1
177 21 0 1
178 21 0 1
179 21 0 1
180 21 0 2
181 21 0 2
182 21 0 2
183 21 0 2
184 21 0 2
176 22 0 1
177 22 0 1
178 22 0 1
179 22 0 1
180 22 0 2
181 22 0 2
182 22 0 2
183 22 0 2
184 22 0 2
176 23 0 1
177 23 0 1
178 23 0 1
179 23 0 2
180 23 0 2
181 23 0 2
182 23 0 2
183 23 0 2
184 23 0 2
175 24 0 1
176 24 0 1
177 24 0 2
178 24 0 2
179 24 0 2
180 24 0 2
181 24 0 2
182 24 0 2
183 24 0 2
184 24 0 2
185 24 0 2
176 25 0 2
177 25 0 2
178 25 0 2
179 25 0 2
180 25 0 2
181 25 0 2
182 25 0 2
183 25 0 2
184 25 0 2
176 26 0 2
177 26 0 2
178 26 0 2
179 26 0 2
180 26 0 2
181 26 0 2
182 26 0 2
183 26 0 2
184 26 0 2
176 27 0 2
177 27 0 2
178 27 0 2
179 27 0 2
180 27 0 2
181 27 0 2
182 27 0 2
183 27 0 2
184 27 0 1
177 28 0 2
178 28 0 2
179 28 0 2
180 28 0 2
181 28 0 2
182 28 0 1
183 28 0 1
180 29 0 1
224 86 0 1
221 87 0 1
222 87 0 1
223 87 0 1
224 87 0 1
225 87 0 1
226 87 0 1
227 87 0 1
220 88 0 1
221 88 0 1
222 88 0 1
223 88 0 1
224 88 0 1
225 88 0 1
226 88 0 1
227 88 0 1
228 88 0 1
220 89 0 1
221 89 0 1
222 89 0 1
223 89 0 1
224 89 0 1
225 89 0 1
226 89 0 1
227 89 0 1
228 89 0 1
220 90 0 1
221 90 0 1
222 90 0 1
223 90 0 1
224 90 0 1
225 90 0 1
226 90 0 1
227 90 0 1
228 90 0 1
219 91 0 1
220 91 0 1
221 91 0 1
222 91 0 1
223 91 0 1
224 91 0 1
225 91 0 1
226 91 0 1
227 91 0 1
228 91 0 1
229 91 0 1
220 92 0 1
221 92 0 1
222 92 0 1
223 92 0 1
224 92 0 1
225 92 0 1
226 92 0 1
227 92 0 1
228 92 0 1
220 93 0 1
221 93 0 1
222 93 0 1
223 93 0 1
224 93 0 1
225 93 0 1
226 93 0 1
227 93 0 1
228 93 0 1
220 94 0 1
221 94 0 1
222 94 0 1
223 94 0 1
224 94 0 1
225 94 0 1
226 94 0 1
227 94 0 1
228 94 0 1
221 95 0 1
222 95 0 1
223 95 0 1
224 95 0 1
225 95 0 1
226 95 0 1
227 95 0 1
224 96 0 1
145 122 0 1
142 123 0 1
143 123 0 1
144 123 0 1
145 123 0 1
146 123 0 1
147 123 0 1
148 123 0 1
141 124 0 1
142 124 0 1
143 124 0 1
144 124 0 1
145 124 0 1
146 124 0 1
147 124 0 2
148 124 0 2
149 124 0 2
141 125 0 2
142 125 0 2
143 125 0 2
144 125 0 2
145 125 0 2
146 125 0 2
147 125 0 2
148 125 0 2
149 125 0 2
141 126 0 2
142 126 0 2
143 126 0 2
144 126 0 2
145 126 0 2
146 126 0 2
147 126 0 2
148 126 0 2
149 126 0 2
140 127 0 2
141 127 0 2
142 127 0 2
143 127 0 2
144 127 0 2
145 127 0 2
146 127 0 2
147 127 0 2
148 127 0 2
149 127 0 2
150 127 0 2
141 128 0 2
142 128 0 2
143 128 0 2
144 128 0 2
145 128 0 2
146 128 0 2
147 128 0 2
148 128 0 2
149 128 0 2
141 129 0 2
142 129 0 2
143 129 0 2
144 129 0 2
145 129 0 2
146 129 0 2
147 129 0 2
148 129 0 2
149 129 0 2
141 130 0 2
142 130 0 2
143 130 0 2
144 130 0 2
145 130 0 2
146 130 0 2
147 130 0 2
148 130 0 2
149 130 0 2
142 131 0 2
143 131 0 2
144 131 0 2
145 131 0 2
146 131 0 2
147 131 0 2
148 131 0 2
145 132 0 1
56 151 0 1
53 152 0 1
54 152 0 1
55 152 0 1
56 152 0 1
57 152 0 1
58 152 0 1
59 152 0 1
52 153 0 1
53 153 0 1
54 153 0 1
55 153 0 1
56 153 0 1
57 153 0 1
58 153 0 1
59 153 0 1
60 153 0 1
52 154 0 2
53 154 0 2
54 154 0 2
55 154 0 2
56 154 0 2
57 154 0 2
58 154 0 2
59 154 0 2
60 154 0 2
52 155 0 2
53 155 0 2
54 155 0 2
55 155 0 2
56 155 0 2
57 155 0 2
58 155 0 2
59 155 0 2
60 155 0 2
51 156 0 2
52 156 0 2
53 156 0 2
54 156 0 2
55 156 0 2
56 156 0 2
57 156 0 2
58 156 0 2
59 156 0 2
60 156 0 2
61 156 0 2
52 157 0 2
53 157 0 2
54 157 0 2
55 157 0 2
56 157 0 2
57 157 0 2
58 157 0 2
59 157 0 2
60 157 0 2
52 158 0 2
53 158 0 2
54 158 0 2
55 158 0 2
56 158 0 2
57 158 0 2
58 158 0 2
59 158 0 2
60 158 0 2
52 159 0 2
53 159 0 2
54 159 0 2
55 159 0 2
56 159 0 2
57 159 0 2
58 159 0 2
59 159 0 2
60 159 0 2
53 160 0 2
54 160 0 2
55 160 0 2
56 160 0 2
57 160 0 2
58 160 0 2
59 160 0 2
56 161 0 1
95 192 0 1
92 193 0 1
93 193 0 1
94 193 0 1
95 193 0 1
96 193 0 1
97 193 0 1
98 193 0 1
91 194 0 1
92 194 0 1
93 194 0 1
94 194 0 1
95 194 0 1
96 194 0 1
97 194 0 1
98 194 0 1
99 194 0 1
91 195 0 1
92 195 0 1
93 195 0 1
94 195 0 1
95 195 0 1
96 195 0 1
97 195 0 1
98 195 0 1
99 195 0 1
91 196 0 1
92 196 0 1
93 196 0 1
94 196 0 1
95 196 0 1
96 196 0 1
97 196 0 1
98 196 0 1
99 196 0 1
90 197 0 1
91 197 0 1
92 197 0 1
93 197 0 1
94 197 0 1
95 197 0 1
96 197 0 1
97 197 0 1
98 197 0 1
99 197 0 1
100 197 0 1
91 198 0 1
92 198 0 1
93 198 0 1
94 198 0 1
95 198 0 1
96 198 0 1
97 198 0 1
98 198 0 1
99 198 0 1
91 199 0 1
92 199 0 1
93 199 0 1
94 199 0 1
95 199 0 1
96 199 0 1
97 199 0 1
98 199 0 1
99 199 0 1
91 200 0 1
92 200 0 1
93 200 0 1
94 200 0 1
95 200 0 1
96 200 0 1
97 200 0 1
98 200 0 1
99 200 0 1
92 201 0 1
93 201 0 1
94 201 0 1
95 201 0 1
96 201 0 1
97 201 0 1
98 201 0 1
95 202 0 1
148 203 0 2
145 204 0 2
146 204 0 2
147 204 0 2
148 204 0 2
149 204 0 2
150 204 0 1
151 204 0 1
144 205 0 2
145 205 0 2
146 205 0 2
147 205 0 2
148 205 0 2
149 205 0 2
150 205 0 1
151 205 0 1
152 205 0 1
144 206 0 2
145 206 0 2
146 206 0 2
147 206 0 2
148 206 0 2
149 206 0 2
150 206 0 1
151 206 0 1
152 206 0 1
144 207 0 1
145 207 0 2
146 207 0 2
147 207 0 2
148 207 0 2
149 207 0 2
150 207 0 2
151 207 0 1
152 207 0 1
143 208 0 1
144 208 0 1
145 208 0 1
146 208 0 2
147 208 0 2
148 208 0 2
149 208 0 2
150 208 0 2
151 208 0 2
152 208 0 1
153 208 0 1
144 209 0 1
145 209 0 1
146 209 0 2
147 209 0 2
148 209 0 2
149 209 0 2
150 209 0 2
151 209 0 2
152 209 0 1
144 210 0 1
145 210 0 1
146 210 0 1
147 210 0 2
148 210 0 2
149 210 0 2
150 210 0 2
151 210 0 2
152 210 0 2
144 211 0 1
145 211 0 1
146 211 0 1
147 211 0 1
148 211 0 2
149 211 0 2
150 211 0 2
151 211 0 2
152 211 0 2
145 212 0 1
146 212 0 1
147 212 0 1
148 212 0 2
149 212 0 2
150 212 0 2
151 212 0 2
148 213 0 1
224 210 0 1
221 211 0 2
222 211 0 2
223 211 0 2
224 211 0 2
225 211 0 2
226 211 0 1
227 211 0 1
220 212 0 2
221 212 0 2
222 212 0 2
223 212 0 2
224 212 0 2
225 212 0 2
226 212 0 2
227 212 0 1
228 212 0 1
220 213 0 2
221 213 0 2
222 213 0 2
223 213 0 2
224 213 0 2
225 213 0 2
226 213 0 2
227 213 0 2
228 213 0 2
220 214 0 2
221 214 0 2
222 214 0 2
223 214 0 2
224 214 0 2
225 214 0 2
226 214 0 2
227 214 0 2
228 214 0 2
219 215 0 2
220 215 0 2
221 215 0 2
222 215 0 2
223 215 0 2
224 215 0 2
225 215 0 2
226 215 0 2
227 215 0 2
228 215 0 2
229 215 0 2
220 216 0 2
221 216 0 2
222 216 0 2
223 216 0 2
224 216 0 2
225 216 0 2
226 216 0 2
227 216 0 2
228 216 0 2
220 217 0 2
221 217 0 2
222 217 0 2
223 217 0 2
224 217 0 2
225 217 0 2
226 217 0 2
227 217 0 2
228 217 0 2
220 218 0 1
221 218 0 1
222 218 0 2
223 218 0 2
224 218 0 2
225 218 0 2
226 218 0 2
227 218 0 2
228 218 0 2
221 219 0 1
222 219 0 2
223 219 0 2
224 219 0 2
225 219 0 2
226 219 0 2
227 219 0 2
224 220 0 2
58 233 0 1
55 234 0 1
56 234 0 1
57 234 0 1
58 234 0 1
59 234 0 1
60 234 0 1
61 234 0 1
54 235 0 1
55 235 0 1
56 235 0 1
57 235 0 1
58 235 0 1
59 235 0 1
60 235 0 1
61 235 0 1
62 235 0 1
54 236 0 1
55 236 0 1
56 236 0 1
57 236 0 1
58 236 0 1
59 236 0 1
60 236 0 1
61 236 0 1
62 236 0 1
54 237 0 1
55 237 0 1
56 237 0 1
57 237 0 1
58 237 0 1
59 237 0 1
60 237 0 1
61 237 0 1
62 237 0 1
53 238 0 1
54 238 0 1
55 238 0 1
56 238 0 1
57 238 0 1
58 238 0 1
59 238 0 1
60 238 0 1
61 238 0 1
62 238 0 1
63 238 0 1
54 239 0 1
55 239 0 1
56 239 0 1
57 239 0 1
58 239 0 1
59 239 0 1
60 239 0 1
61 239 0 1
62 239 0 1
54 240 0 1
55 240 0 1
56 240 0 1
57 240 0 1
58 240 0 1
59 240 0 1
60 240 0 1
61 240 0 1
62 240 0 1
54 241 0 1
55 241 0 1
56 241 0 1
57 241 0 1
58 241 0 1
59 241 0 1
60 241 0 1
61 241 0 1
62 241 0 1
55 242 0 1
56 242 0 1
57 242 0 1
58 242 0 1
59 242 0 1
60 242 0 1
61 242 0 1
58 243 0 1
58 93 0 1
55 94 0 1
56 94 0 1
57 94 0 1
58 94 0 1
59 94 0 1
60 94 0 1
61 94 0 1
54 95 0 1
55 95 0 1
56 95 0 1
57 95 0 1
58 95 0 1
59 95 0 1
60 95 0 1
61 95 0 1
62 95 0 1
54 96 0 1
55 96 0 1
56 96 0 1
57 96 0 2
58 96 0 2
59 96 0 2
60 96 0 2
61 96 0 2
62 96 0 2
54 97 0 2
55 97 0 2
56 97 0 2
57 97 0 2
58 97 0 2
59 97 0 2
60 97 0 2
61 97 0 2
62 97 0 2
53 98 0 2
54 98 0 2
55 98 0 2
56 98 0 2
57 98 0 2
58 98 0 2
59 98 0 2
60 98 0 2
61 98 0 2
62 98 0 2
63 98 0 2
54 99 0 2
55 99 0 2
56 99 0 2
57 99 0 2
58 99 0 2
59 99 0 2
60 99 0 2
61 99 0 2
62 99 0 2
54 100 0 2
55 100 0 2
56 100 0 2
57 100 0 2
58 100 0 2
59 100 0 2
60 100 0 2
61 100 0 2
62 100 0 2
54 101 0 2
55 101 0 2
56 101 0 2
57 101 0 2
58 101 0 2
59 101 0 2
60 101 0 2
61 101 0 2
62 101 0 2
55 102 0 2
56 102 0 2
57 102 0 2
58 102 0 2
59 102 0 2
60 102 0 2
61 102 0 2
58 103 0 1
210 141 0 1
207 142 0 1
208 142 0 1
209 142 0 1
210 142 0 1
211 142 0 1
212 142 0 1
213 142 0 1
206 143 0 1
207 143 0 1
208 143 0 1
209 143 0 1
210 143 0 1
211 143 0 1
212 143 0 1
213 143 0 1
214 143 0 1
206 144 0 1
207 144 0 1
208 144 0 1
209 144 0 1
210 144 0 1
211 144 0 1
212 144 0 1
213 144 0 1
214 144 0 1
206 145 0 1
207 145 0 1
208 145 0 1
209 145 0 1
210 145 0 1
211 145 0 1
212 145 0 1
213 145 0 1
214 145 0 1
205 146 0 1
206 146 0 1
207 146 0 1
208 146 0 1
209 146 0 1
210 146 0 1
211 146 0 1
212 146 0 1
213 146 0 1
214 146 0 1
215 146 0 1
206 147 0 1
207 147 0 1
208 147 0 1
209 147 0 1
210 147 0 1
211 147 0 1
212 147 0 1
213 147 0 1
214 147 0 1
206 148 0 1
207 148 0 1
208 148 0 1
209 148 0 1
210 148 0 1
211 148 0 1
212 148 0 1
213 148 0 1
214 148 0 1
206 149 0 1
207 149 0 1
208 149 0 1
209 149 0 1
210 149 0 1
211 149 0 1
212 149 0 1
213 149 0 1
214 149 0 1
207 150 0 1
208 150 0 1
209 150 0 1
210 150 0 1
211 150 0 1
212 150 0 1
213 150 0 1
210 151 0 1
115 150 0 1
112 151 0 1
113 151 0 1
114 151 0 1
115 151 0 1
116 151 0 1
117 151 0 1
118 151 0 1
111 152 0 1
112 152 0 1
113 152 0 1
114 152 0 1
115 152 0 1
116 152 0 1
117 152 0 1
118 152 0 1
119 152 0 1
111 153 0 1
112 153 0 1
113 153 0 1
114 153 0 1
115 153 0 1
116 153 0 1
117 153 0 1
118 153 0 1
119 153 0 1
111 154 0 1
112 154 0 1
113 154 0 1
114 154 0 1
115 154 0 1
116 154 0 1
117 154 0 1
118 154 0 1
119 154 0 1
110 155 0 1
111 155 0 1
112 155 0 1
113 155 0 1
114 155 0 1
115 155 0 1
116 155 0 1
117 155 0 1
118 155 0 1
119 155 0 1
120 155 0 1
111 156 0 1
112 156 0 1
113 156 0 1
114 156 0 1
115 156 0 1
116 156 0 1
117 156 0 1
118 156 0 1
119 156 0 1
111 157 0 1
112 157 0 1
113 157 0 1
114 157 0 1
115 157 0 1
116 157 0 1
117 157 0 1
118 157 0 1
119 157 0 1
111 158 0 1
112 158 0 1
113 158 0 1
114 158 0 1
115 158 0 1
116 158 0 1
117 158 0 1
118 158 0 1
119 158 0 1
112 159 0 1
113 159 0 1
114 159 0 1
115 159 0 1
116 159 0 1
117 159 0 1
118 159 0 1
115 160 0 1
