223 90 0 1
220 91 0 1
221 91 0 1
222 91 0 1
223 91 0 1
224 91 0 1
225 91 0 1
226 91 0 1
219 92 0 1
220 92 0 1
221 92 0 1
222 92 0 1
223 92 0 1
224 92 0 1
225 92 0 1
226 92 0 1
227 92 0 1
219 93 0 1
220 93 0 1
221 93 0 1
222 93 0 1
223 93 0 1
224 93 0 1
225 93 0 1
226 93 0 1
227 93 0 1
219 94 0 1
220 94 0 1
221 94 0 1
222 94 0 1
223 94 0 1
224 94 0 1
225 94 0 1
226 94 0 1
227 94 0 1
218 95 0 1
219 95 0 1
220 95 0 1
221 95 0 1
222 95 0 1
223 95 0 1
224 95 0 1
225 95 0 1
226 95 0 1
227 95 0 1
228 95 0 1
219 96 0 1
220 96 0 1
221 96 0 1
222 96 0 1
223 96 0 1
224 96 0 1
225 96 0 1
226 96 0 1
227 96 0 1
219 97 0 1
220 97 0 1
221 97 0 1
222 97 0 1
223 97 0 1
224 97 0 1
225 97 0 1
226 97 0 1
227 97 0 1
219 98 0 1
220 98 0 1
221 98 0 1
222 98 0 1
223 98 0 1
224 98 0 1
225 98 0 1
226 98 0 1
227 98 0 1
220 99 0 1
221 99 0 1
222 99 0 1
223 99 0 1
224 99 0 1
225 99 0 1
226 99 0 1
223 100 0 1
205 113 0 2
202 114 0 2
203 114 0 2
204 114 0 2
205 114 0 2
206 114 0 2
207 114 0 2
208 114 0 2
201 115 0 2
202 115 0 2
203 115 0 2
204 115 0 2
205 115 0 2
206 115 0 2
207 115 0 2
208 115 0 2
209 115 0 2
201 116 0 2
202 116 0 2
203 116 0 2
204 116 0 2
205 116 0 2
206 116 0 2
207 116 0 2
208 116 0 2
209 116 0 2
201 117 0 2
202 117 0 2
203 117 0 2
204 117 0 2
205 117 0 2
206 117 0 2
207 117 0 2
208 117 0 2
209 117 0 2
200 118 0 2
201 118 0 2
202 118 0 2
203 118 0 2
204 118 0 2
205 118 0 2
206 118 0 2
207 118 0 2
208 118 0 2
209 118 0 2
210 118 0 2
201 119 0 2
202 119 0 2
203 119 0 2
204 119 0 2
205 119 0 2
206 119 0 2
207 119 0 2
208 119 0 2
209 119 0 2
201 120 0 1
202 120 0 1
203 120 0 1
204 120 0 2
205 120 0 2
206 120 0 2
207 120 0 1
208 120 0 1
209 120 0 2
201 121 0 1
202 121 0 1
203 121 0 1
204 121 0 1
205 121 0 1
206 121 0 1
207 121 0 1
208 121 0 1
209 121 0 1
202 122 0 1
203 122 0 1
204 122 0 1
205 122 0 1
206 122 0 1
207 122 0 1
208 122 0 1
205 123 0 1
