103 45 0 1
100 46 0 1
101 46 0 1
102 46 0 1
103 46 0 1
104 46 0 1
105 46 0 1
106 46 0 1
99 47 0 1
100 47 0 1
101 47 0 1
102 47 0 1
103 47 0 1
104 47 0 1
105 47 0 1
106 47 0 1
107 47 0 1
99 48 0 1
100 48 0 1
101 48 0 1
102 48 0 1
103 48 0 1
104 48 0 1
105 48 0 1
106 48 0 1
107 48 0 1
99 49 0 1
100 49 0 1
101 49 0 1
102 49 0 1
103 49 0 1
104 49 0 1
105 49 0 1
106 49 0 1
107 49 0 1
98 50 0 1
99 50 0 1
100 50 0 1
101 50 0 1
102 50 0 1
103 50 0 1
104 50 0 1
105 50 0 1
106 50 0 1
107 50 0 1
108 50 0 1
99 51 0 1
100 51 0 1
101 51 0 1
102 51 0 1
103 51 0 1
104 51 0 1
105 51 0 1
106 51 0 1
107 51 0 1
99 52 0 1
100 52 0 1
101 52 0 1
102 52 0 1
103 52 0 1
104 52 0 1
105 52 0 1
106 52 0 1
107 52 0 1
99 53 0 1
100 53 0 1
101 53 0 1
102 53 0 1
103 53 0 1
104 53 0 1
105 53 0 1
106 53 0 1
107 53 0 1
100 54 0 1
101 54 0 1
102 54 0 1
103 54 0 1
104 54 0 1
105 54 0 1
106 54 0 1
103 55 0 1
126 92 0 1
123 93 0 1
124 93 0 1
125 93 0 1
126 93 0 1
127 93 0 1
128 93 0 1
129 93 0 1
122 94 0 1
123 94 0 1
124 94 0 1
125 94 0 1
126 94 0 1
127 94 0 1
128 94 0 1
129 94 0 1
130 94 0 1
122 95 0 1
123 95 0 1
124 95 0 1
125 95 0 1
126 95 0 1
127 95 0 1
128 95 0 1
129 95 0 1
130 95 0 1
122 96 0 1
123 96 0 1
124 96 0 1
125 96 0 1
126 96 0 1
127 96 0 1
128 96 0 1
129 96 0 1
130 96 0 1
121 97 0 1
122 97 0 1
123 97 0 1
124 97 0 1
125 97 0 1
126 97 0 1
127 97 0 1
128 97 0 1
129 97 0 1
130 97 0 1
131 97 0 1
122 98 0 1
123 98 0 1
124 98 0 1
125 98 0 1
126 98 0 1
127 98 0 1
128 98 0 1
129 98 0 1
130 98 0 1
122 99 0 1
123 99 0 1
124 99 0 1
125 99 0 1
126 99 0 1
127 99 0 1
128 99 0 1
129 99 0 1
130 99 0 1
122 100 0 1
123 100 0 1
124 100 0 1
125 100 0 1
126 100 0 1
127 100 0 1
128 100 0 1
129 100 0 1
130 100 0 1
123 101 0 1
124 101 0 1
125 101 0 1
126 101 0 1
127 101 0 1
128 101 0 1
129 101 0 1
126 102 0 1
201 60 0 1
198 61 0 1
199 61 0 1
200 61 0 1
201 61 0 1
202 61 0 1
203 61 0 1
204 61 0 1
197 62 0 1
198 62 0 1
199 62 0 1
200 62 0 1
201 62 0 1
202 62 0 1
203 62 0 1
204 62 0 1
205 62 0 1
197 63 0 1
198 63 0 1
199 63 0 1
200 63 0 1
201 63 0 1
202 63 0 1
203 63 0 1
204 63 0 1
205 63 0 1
197 64 0 1
198 64 0 1
199 64 0 1
200 64 0 1
201 64 0 1
202 64 0 1
203 64 0 1
204 64 0 1
205 64 0 1
196 65 0 1
197 65 0 1
198 65 0 1
199 65 0 1
200 65 0 1
201 65 0 1
202 65 0 1
203 65 0 1
204 65 0 1
205 65 0 1
206 65 0 1
197 66 0 1
198 66 0 1
199 66 0 1
200 66 0 1
201 66 0 1
202 66 0 1
203 66 0 1
204 66 0 1
205 66 0 1
197 67 0 1
198 67 0 1
199 67 0 1
200 67 0 1
201 67 0 1
202 67 0 1
203 67 0 1
204 67 0 1
205 67 0 1
197 68 0 1
198 68 0 1
199 68 0 1
200 68 0 1
201 68 0 1
202 68 0 1
203 68 0 1
204 68 0 1
205 68 0 1
198 69 0 1
199 69 0 1
200 69 0 1
201 69 0 1
202 69 0 1
203 69 0 1
204 69 0 1
201 70 0 1
93 67 0 1
90 68 0 2
91 68 0 2
92 68 0 2
93 68 0 1
94 68 0 1
95 68 0 1
96 68 0 1
89 69 0 2
90 69 0 2
91 69 0 2
92 69 0 2
93 69 0 1
94 69 0 1
95 69 0 1
96 69 0 1
97 69 0 1
89 70 0 2
90 70 0 2
91 70 0 2
92 70 0 2
93 70 0 2
94 70 0 2
95 70 0 2
96 70 0 1
97 70 0 2
89 71 0 2
90 71 0 2
91 71 0 2
92 71 0 2
93 71 0 2
94 71 0 2
95 71 0 2
96 71 0 2
97 71 0 2
88 72 0 2
89 72 0 2
90 72 0 2
91 72 0 2
92 72 0 2
93 72 0 2
94 72 0 2
95 72 0 2
96 72 0 2
97 72 0 2
98 72 0 2
89 73 0 2
90 73 0 2
91 73 0 2
92 73 0 2
93 73 0 2
94 73 0 2
95 73 0 2
96 73 0 2
97 73 0 2
89 74 0 2
90 74 0 2
91 74 0 2
92 74 0 2
93 74 0 2
94 74 0 2
95 74 0 2
96 74 0 2
97 74 0 2
89 75 0 1
90 75 0 2
91 75 0 2
92 75 0 2
93 75 0 2
94 75 0 2
95 75 0 2
96 75 0 2
97 75 0 2
90 76 0 1
91 76 0 1
92 76 0 1
93 76 0 2
94 76 0 2
95 76 0 2
96 76 0 2
93 77 0 1
174 96 0 2
171 97 0 2
172 97 0 1
173 97 0 1
174 97 0 1
175 97 0 1
176 97 0 1
177 97 0 1
170 98 0 2
171 98 0 1
172 98 0 1
173 98 0 1
174 98 0 1
175 98 0 1
176 98 0 1
177 98 0 1
178 98 0 1
170 99 0 2
171 99 0 1
172 99 0 1
173 99 0 1
174 99 0 1
175 99 0 1
176 99 0 1
177 99 0 1
178 99 0 1
170 100 0 1
171 100 0 1
172 100 0 1
173 100 0 1
174 100 0 1
175 100 0 1
176 100 0 1
177 100 0 1
178 100 0 1
169 101 0 1
170 101 0 1
171 101 0 1
172 101 0 1
173 101 0 1
174 101 0 1
175 101 0 1
176 101 0 1
177 101 0 1
178 101 0 1
179 101 0 1
170 102 0 1
171 102 0 1
172 102 0 1
173 102 0 1
174 102 0 1
175 102 0 1
176 102 0 1
177 102 0 1
178 102 0 1
170 103 0 1
171 103 0 1
172 103 0 1
173 103 0 1
174 103 0 1
175 103 0 1
176 103 0 1
177 103 0 1
178 103 0 1
170 104 0 1
171 104 0 1
172 104 0 1
173 104 0 1
174 104 0 1
175 104 0 1
176 104 0 1
177 104 0 1
178 104 0 1
171 105 0 1
172 105 0 1
173 105 0 1
174 105 0 1
175 105 0 1
176 105 0 1
177 105 0 1
174 106 0 1
130 142 0 1
127 143 0 2
128 143 0 2
129 143 0 1
130 143 0 1
131 143 0 1
132 143 0 1
133 143 0 1
126 144 0 2
127 144 0 2
128 144 0 2
129 144 0 2
130 144 0 2
131 144 0 1
132 144 0 1
133 144 0 1
134 144 0 1
126 145 0 2
127 145 0 2
128 145 0 2
129 145 0 2
130 145 0 2
131 145 0 2
132 145 0 1
133 145 0 1
134 145 0 1
126 146 0 2
127 146 0 2
128 146 0 2
129 146 0 2
130 146 0 2
131 146 0 2
132 146 0 2
133 146 0 2
134 146 0 2
125 147 0 2
126 147 0 2
127 147 0 2
128 147 0 2
129 147 0 2
130 147 0 2
131 147 0 2
132 147 0 2
133 147 0 2
134 147 0 2
135 147 0 2
126 148 0 2
127 148 0 2
128 148 0 2
129 148 0 2
130 148 0 2
131 148 0 2
132 148 0 2
133 148 0 2
134 148 0 2
126 149 0 2
127 149 0 2
128 149 0 2
129 149 0 2
130 149 0 2
131 149 0 2
132 149 0 2
133 149 0 2
134 149 0 2
126 150 0 2
127 150 0 2
128 150 0 2
129 150 0 2
130 150 0 2
131 150 0 2
132 150 0 2
133 150 0 2
134 150 0 2
127 151 0 1
128 151 0 2
129 151 0 2
130 151 0 2
131 151 0 2
132 151 0 2
133 151 0 2
130 152 0 1
158 178 0 1
155 179 0 1
156 179 0 2
157 179 0 2
158 179 0 2
159 179 0 2
160 179 0 2
161 179 0 2
154 180 0 2
155 180 0 2
156 180 0 2
157 180 0 2
158 180 0 2
159 180 0 2
160 180 0 2
161 180 0 2
162 180 0 2
154 181 0 2
155 181 0 2
156 181 0 2
157 181 0 2
158 181 0 2
159 181 0 2
160 181 0 2
161 181 0 2
162 181 0 2
154 182 0 2
155 182 0 2
156 182 0 2
157 182 0 2
158 182 0 2
159 182 0 2
160 182 0 2
161 182 0 2
162 182 0 2
153 183 0 2
154 183 0 2
155 183 0 2
156 183 0 2
157 183 0 2
158 183 0 2
159 183 0 2
160 183 0 2
161 183 0 2
162 183 0 2
163 183 0 2
154 184 0 2
155 184 0 2
156 184 0 2
157 184 0 2
158 184 0 2
159 184 0 2
160 184 0 2
161 184 0 2
162 184 0 2
154 185 0 2
155 185 0 2
156 185 0 2
157 185 0 2
158 185 0 2
159 185 0 2
160 185 0 1
161 185 0 1
162 185 0 1
154 186 0 2
155 186 0 2
156 186 0 2
157 186 0 1
158 186 0 1
159 186 0 1
160 186 0 1
161 186 0 1
162 186 0 1
155 187 0 1
156 187 0 1
157 187 0 1
158 187 0 1
159 187 0 1
160 187 0 1
161 187 0 1
158 188 0 1
85 199 0 1
82 200 0 1
83 200 0 1
84 200 0 1
85 200 0 1
86 200 0 1
87 200 0 1
88 200 0 1
81 201 0 1
82 201 0 1
83 201 0 1
84 201 0 1
85 201 0 1
86 201 0 1
87 201 0 1
88 201 0 1
89 201 0 1
81 202 0 2
82 202 0 1
83 202 0 1
84 202 0 1
85 202 0 1
86 202 0 1
87 202 0 1
88 202 0 1
89 202 0 1
81 203 0 2
82 203 0 1
83 203 0 1
84 203 0 1
85 203 0 1
86 203 0 1
87 203 0 1
88 203 0 1
89 203 0 1
80 204 0 2
81 204 0 2
82 204 0 2
83 204 0 2
84 204 0 2
85 204 0 1
86 204 0 1
87 204 0 2
88 204 0 2
89 204 0 1
90 204 0 1
81 205 0 2
82 205 0 2
83 205 0 2
84 205 0 2
85 205 0 2
86 205 0 2
87 205 0 2
88 205 0 2
89 205 0 2
81 206 0 2
82 206 0 2
83 206 0 2
84 206 0 2
85 206 0 2
86 206 0 2
87 206 0 2
88 206 0 2
89 206 0 2
81 207 0 2
82 207 0 2
83 207 0 2
84 207 0 2
85 207 0 2
86 207 0 2
87 207 0 2
88 207 0 2
89 207 0 2
82 208 0 2
83 208 0 2
84 208 0 2
85 208 0 2
86 208 0 2
87 208 0 2
88 208 0 2
85 209 0 2
66 141 0 2
63 142 0 2
64 142 0 2
65 142 0 2
66 142 0 2
67 142 0 2
68 142 0 2
69 142 0 2
62 143 0 2
63 143 0 2
64 143 0 2
65 143 0 2
66 143 0 2
67 143 0 2
68 143 0 2
69 143 0 2
70 143 0 2
62 144 0 2
63 144 0 2
64 144 0 2
65 144 0 2
66 144 0 2
67 144 0 2
68 144 0 2
69 144 0 2
70 144 0 2
62 145 0 2
63 145 0 2
64 145 0 2
65 145 0 2
66 145 0 2
67 145 0 2
68 145 0 2
69 145 0 2
70 145 0 2
61 146 0 1
62 146 0 1
63 146 0 1
64 146 0 2
65 146 0 2
66 146 0 2
67 146 0 2
68 146 0 2
69 146 0 2
70 146 0 2
71 146 0 2
62 147 0 1
63 147 0 1
64 147 0 2
65 147 0 2
66 147 0 2
67 147 0 2
68 147 0 2
69 147 0 2
70 147 0 2
62 148 0 1
63 148 0 1
64 148 0 1
65 148 0 1
66 148 0 1
67 148 0 1
68 148 0 2
69 148 0 2
70 148 0 2
62 149 0 1
63 149 0 1
64 149 0 1
65 149 0 1
66 149 0 1
67 149 0 1
68 149 0 2
69 149 0 2
70 149 0 2
63 150 0 1
64 150 0 1
65 150 0 1
66 150 0 1
67 150 0 1
68 150 0 2
69 150 0 2
66 151 0 1
122 135 0 1
119 136 0 1
120 136 0 1
121 136 0 1
122 136 0 1
123 136 0 1
124 136 0 1
125 136 0 1
118 137 0 1
119 137 0 1
120 137 0 1
121 137 0 1
122 137 0 1
123 137 0 1
124 137 0 1
125 137 0 1
126 137 0 1
118 138 0 1
119 138 0 1
120 138 0 1
121 138 0 1
122 138 0 1
123 138 0 1
124 138 0 1
125 138 0 1
126 138 0 1
118 139 0 1
119 139 0 1
120 139 0 1
121 139 0 1
122 139 0 1
123 139 0 1
124 139 0 1
125 139 0 1
126 139 0 1
117 140 0 1
118 140 0 1
119 140 0 1
120 140 0 1
121 140 0 1
122 140 0 1
123 140 0 1
124 140 0 1
125 140 0 1
126 140 0 1
127 140 0 1
118 141 0 2
119 141 0 2
120 141 0 2
121 141 0 2
122 141 0 1
123 141 0 1
124 141 0 1
125 141 0 1
126 141 0 1
118 142 0 2
119 142 0 2
120 142 0 2
121 142 0 2
122 142 0 2
123 142 0 2
124 142 0 2
125 142 0 2
126 142 0 1
118 143 0 2
119 143 0 2
120 143 0 2
121 143 0 2
122 143 0 2
123 143 0 2
124 143 0 2
125 143 0 2
126 143 0 2
119 144 0 2
120 144 0 2
121 144 0 2
122 144 0 2
123 144 0 2
124 144 0 2
125 144 0 2
122 145 0 2
181 146 0 1
178 147 0 1
179 147 0 1
180 147 0 1
181 147 0 1
182 147 0 1
183 147 0 1
184 147 0 1
177 148 0 1
178 148 0 1
179 148 0 1
180 148 0 1
181 148 0 1
182 148 0 1
183 148 0 1
184 148 0 1
185 148 0 1
177 149 0 2
178 149 0 2
179 149 0 2
180 149 0 2
181 149 0 2
182 149 0 2
183 149 0 2
184 149 0 1
185 149 0 1
177 150 0 2
178 150 0 2
179 150 0 2
180 150 0 2
181 150 0 2
182 150 0 2
183 150 0 2
184 150 0 2
185 150 0 1
176 151 0 2
177 151 0 2
178 151 0 2
179 151 0 2
180 151 0 2
181 151 0 2
182 151 0 2
183 151 0 2
184 151 0 2
185 151 0 2
186 151 0 2
177 152 0 2
178 152 0 2
179 152 0 2
180 152 0 2
181 152 0 2
182 152 0 2
183 152 0 2
184 152 0 2
185 152 0 2
177 153 0 2
178 153 0 2
179 153 0 2
180 153 0 2
181 153 0 2
182 153 0 2
183 153 0 2
184 153 0 2
185 153 0 2
177 154 0 2
178 154 0 2
179 154 0 2
180 154 0 2
181 154 0 2
182 154 0 2
183 154 0 2
184 154 0 2
185 154 0 2
178 155 0 2
179 155 0 2
180 155 0 2
181 155 0 2
182 155 0 2
183 155 0 2
184 155 0 2
181 156 0 2
77 106 0 1
74 107 0 1
75 107 0 1
76 107 0 1
77 107 0 1
78 107 0 1
79 107 0 1
80 107 0 1
73 108 0 1
74 108 0 1
75 108 0 1
76 108 0 1
77 108 0 1
78 108 0 1
79 108 0 1
80 108 0 1
81 108 0 1
73 109 0 1
74 109 0 1
75 109 0 1
76 109 0 1
77 109 0 1
78 109 0 1
79 109 0 1
80 109 0 1
81 109 0 1
73 110 0 1
74 110 0 1
75 110 0 1
76 110 0 1
77 110 0 1
78 110 0 1
79 110 0 1
80 110 0 1
81 110 0 1
72 111 0 1
73 111 0 1
74 111 0 1
75 111 0 1
76 111 0 1
77 111 0 1
78 111 0 1
79 111 0 1
80 111 0 1
81 111 0 1
82 111 0 1
73 112 0 1
74 112 0 1
75 112 0 1
76 112 0 1
77 112 0 1
78 112 0 2
79 112 0 2
80 112 0 2
81 112 0 2
73 113 0 2
74 113 0 2
75 113 0 2
76 113 0 2
77 113 0 2
78 113 0 2
79 113 0 2
80 113 0 2
81 113 0 2
73 114 0 2
74 114 0 2
75 114 0 2
76 114 0 2
77 114 0 2
78 114 0 2
79 114 0 2
80 114 0 2
81 114 0 2
74 115 0 2
75 115 0 2
76 115 0 2
77 115 0 2
78 115 0 2
79 115 0 2
80 115 0 2
77 116 0 2
29 68 0 1
26 69 0 1
27 69 0 1
28 69 0 1
29 69 0 1
30 69 0 1
31 69 0 1
32 69 0 1
25 70 0 1
26 70 0 1
27 70 0 1
28 70 0 1
29 70 0 1
30 70 0 1
31 70 0 1
32 70 0 1
33 70 0 2
25 71 0 1
26 71 0 2
27 71 0 2
28 71 0 2
29 71 0 2
30 71 0 2
31 71 0 2
32 71 0 2
33 71 0 2
25 72 0 2
26 72 0 2
27 72 0 2
28 72 0 2
29 72 0 2
30 72 0 2
31 72 0 2
32 72 0 2
33 72 0 2
24 73 0 2
25 73 0 2
26 73 0 2
27 73 0 2
28 73 0 2
29 73 0 2
30 73 0 2
31 73 0 2
32 73 0 2
33 73 0 2
34 73 0 2
25 74 0 2
26 74 0 2
27 74 0 2
28 74 0 2
29 74 0 2
30 74 0 2
31 74 0 2
32 74 0 2
33 74 0 2
25 75 0 2
26 75 0 2
27 75 0 2
28 75 0 2
29 75 0 2
30 75 0 2
31 75 0 2
32 75 0 2
33 75 0 2
25 76 0 2
26 76 0 2
27 76 0 2
28 76 0 2
29 76 0 2
30 76 0 2
31 76 0 2
32 76 0 2
33 76 0 2
26 77 0 2
27 77 0 2
28 77 0 2
29 77 0 2
30 77 0 2
31 77 0 1
32 77 0 1
29 78 0 2
46 36 0 2
43 37 0 1
44 37 0 2
45 37 0 2
46 37 0 2
47 37 0 2
48 37 0 2
49 37 0 2
42 38 0 1
43 38 0 2
44 38 0 2
45 38 0 2
46 38 0 2
47 38 0 2
48 38 0 2
49 38 0 2
50 38 0 2
42 39 0 2
43 39 0 2
44 39 0 2
45 39 0 2
46 39 0 2
47 39 0 2
48 39 0 2
49 39 0 2
50 39 0 2
42 40 0 2
43 40 0 2
44 40 0 2
45 40 0 2
46 40 0 2
47 40 0 2
48 40 0 2
49 40 0 2
50 40 0 2
41 41 0 2
42 41 0 2
43 41 0 2
44 41 0 2
45 41 0 2
46 41 0 2
47 41 0 2
48 41 0 2
49 41 0 2
50 41 0 1
51 41 0 1
42 42 0 2
43 42 0 2
44 42 0 2
45 42 0 2
46 42 0 2
47 42 0 2
48 42 0 2
49 42 0 1
50 42 0 1
42 43 0 2
43 43 0 2
44 43 0 2
45 43 0 2
46 43 0 2
47 43 0 2
48 43 0 1
49 43 0 1
50 43 0 1
42 44 0 2
43 44 0 2
44 44 0 2
45 44 0 2
46 44 0 1
47 44 0 1
48 44 0 1
49 44 0 1
50 44 0 1
43 45 0 2
44 45 0 1
45 45 0 1
46 45 0 1
47 45 0 1
48 45 0 1
49 45 0 1
46 46 0 1
141 36 0 1
138 37 0 1
139 37 0 1
140 37 0 1
141 37 0 1
142 37 0 1
143 37 0 1
144 37 0 1
137 38 0 1
138 38 0 1
139 38 0 1
140 38 0 1
141 38 0 1
142 38 0 1
143 38 0 1
144 38 0 1
145 38 0 1
137 39 0 1
138 39 0 1
139 39 0 1
140 39 0 1
141 39 0 1
142 39 0 1
143 39 0 1
144 39 0 1
145 39 0 1
137 40 0 2
138 40 0 1
139 40 0 1
140 40 0 1
141 40 0 1
142 40 0 1
143 40 0 1
144 40 0 1
145 40 0 1
136 41 0 2
137 41 0 2
138 41 0 1
139 41 0 1
140 41 0 1
141 41 0 1
142 41 0 1
143 41 0 1
144 41 0 1
145 41 0 1
146 41 0 1
137 42 0 2
138 42 0 2
139 42 0 2
140 42 0 2
141 42 0 2
142 42 0 2
143 42 0 2
144 42 0 2
145 42 0 2
137 43 0 2
138 43 0 2
139 43 0 2
140 43 0 2
141 43 0 2
142 43 0 2
143 43 0 2
144 43 0 2
145 43 0 2
137 44 0 2
138 44 0 2
139 44 0 2
140 44 0 2
141 44 0 2
142 44 0 2
143 44 0 2
144 44 0 2
145 44 0 2
138 45 0 2
139 45 0 2
140 45 0 2
141 45 0 2
142 45 0 2
143 45 0 2
144 45 0 2
141 46 0 2
191 111 0 1
188 112 0 1
189 112 0 1
190 112 0 1
191 112 0 1
192 112 0 1
193 112 0 1
194 112 0 1
187 113 0 1
188 113 0 1
189 113 0 1
190 113 0 1
191 113 0 1
192 113 0 1
193 113 0 1
194 113 0 1
195 113 0 1
187 114 0 1
188 114 0 1
189 114 0 2
190 114 0 2
191 114 0 2
192 114 0 2
193 114 0 2
194 114 0 2
195 114 0 2
187 115 0 2
188 115 0 2
189 115 0 2
190 115 0 2
191 115 0 2
192 115 0 2
193 115 0 2
194 115 0 2
195 115 0 2
186 116 0 2
187 116 0 2
188 116 0 2
189 116 0 2
190 116 0 2
191 116 0 2
192 116 0 2
193 116 0 2
194 116 0 2
195 116 0 2
196 116 0 2
187 117 0 2
188 117 0 2
189 117 0 2
190 117 0 2
191 117 0 2
192 117 0 2
193 117 0 2
194 117 0 2
195 117 0 2
187 118 0 2
188 118 0 2
189 118 0 2
190 118 0 2
191 118 0 2
192 118 0 2
193 118 0 2
194 118 0 2
195 118 0 2
187 119 0 2
188 119 0 2
189 119 0 2
190 119 0 2
191 119 0 2
192 119 0 2
193 119 0 2
194 119 0 2
195 119 0 2
188 120 0 2
189 120 0 2
190 120 0 2
191 120 0 2
192 120 0 2
193 120 0 2
194 120 0 2
191 121 0 1
194 165 0 1
191 166 0 1
192 166 0 1
193 166 0 1
194 166 0 1
195 166 0 1
196 166 0 1
197 166 0 1
190 167 0 1
191 167 0 1
192 167 0 1
193 167 0 1
194 167 0 1
195 167 0 1
196 167 0 1
197 167 0 1
198 167 0 1
190 168 0 1
191 168 0 1
192 168 0 1
193 168 0 1
194 168 0 1
195 168 0 1
196 168 0 1
197 168 0 1
198 168 0 1
190 169 0 1
191 169 0 1
192 169 0 1
193 169 0 1
194 169 0 1
195 169 0 1
196 169 0 1
197 169 0 1
198 169 0 1
189 170 0 1
190 170 0 1
191 170 0 1
192 170 0 1
193 170 0 1
194 170 0 1
195 170 0 1
196 170 0 1
197 170 0 1
198 170 0 1
199 170 0 1
190 171 0 1
191 171 0 1
192 171 0 1
193 171 0 1
194 171 0 1
195 171 0 1
196 171 0 1
197 171 0 1
198 171 0 1
190 172 0 1
191 172 0 1
192 172 0 1
193 172 0 1
194 172 0 1
195 172 0 1
196 172 0 1
197 172 0 1
198 172 0 1
190 173 0 1
191 173 0 1
192 173 0 1
193 173 0 1
194 173 0 1
195 173 0 1
196 173 0 1
197 173 0 1
198 173 0 1
191 174 0 1
192 174 0 1
193 174 0 1
194 174 0 1
195 174 0 1
196 174 0 1
197 174 0 1
194 175 0 1
168 208 0 1
165 209 0 1
166 209 0 2
167 209 0 2
168 209 0 2
169 209 0 2
170 209 0 2
171 209 0 2
164 210 0 2
165 210 0 2
166 210 0 2
167 210 0 2
168 210 0 2
169 210 0 2
170 210 0 2
171 210 0 2
172 210 0 2
164 211 0 2
165 211 0 2
166 211 0 2
167 211 0 2
168 211 0 2
169 211 0 2
170 211 0 2
171 211 0 2
172 211 0 2
164 212 0 2
165 212 0 2
166 212 0 2
167 212 0 2
168 212 0 2
169 212 0 2
170 212 0 2
171 212 0 2
172 212 0 2
163 213 0 2
164 213 0 2
165 213 0 2
166 213 0 2
167 213 0 2
168 213 0 2
169 213 0 2
170 213 0 2
171 213 0 2
172 213 0 2
173 213 0 2
164 214 0 2
165 214 0 2
166 214 0 2
167 214 0 2
168 214 0 2
169 214 0 2
170 214 0 2
171 214 0 2
172 214 0 2
164 215 0 2
165 215 0 2
166 215 0 2
167 215 0 2
168 215 0 2
169 215 0 2
170 215 0 2
171 215 0 2
172 215 0 1
164 216 0 2
165 216 0 2
166 216 0 2
167 216 0 2
168 216 0 2
169 216 0 2
170 216 0 2
171 216 0 1
172 216 0 1
165 217 0 2
166 217 0 2
167 217 0 2
168 217 0 2
169 217 0 2
170 217 0 1
171 217 0 1
168 218 0 1
102 188 0 1
99 189 0 1
100 189 0 1
101 189 0 1
102 189 0 1
103 189 0 1
104 189 0 1
105 189 0 1
98 190 0 1
99 190 0 1
100 190 0 1
101 190 0 1
102 190 0 1
103 190 0 1
104 190 0 1
105 190 0 1
106 190 0 1
98 191 0 1
99 191 0 1
100 191 0 1
101 191 0 1
102 191 0 1
103 191 0 1
104 191 0 1
105 191 0 1
106 191 0 1
98 192 0 1
99 192 0 1
100 192 0 1
101 192 0 1
102 192 0 1
103 192 0 1
104 192 0 1
105 192 0 1
106 192 0 1
97 193 0 1
98 193 0 1
99 193 0 1
100 193 0 1
101 193 0 1
102 193 0 1
103 193 0 1
104 193 0 1
105 193 0 1
106 193 0 1
107 193 0 1
98 194 0 1
99 194 0 1
100 194 0 1
101 194 0 1
102 194 0 1
103 194 0 1
104 194 0 1
105 194 0 1
106 194 0 1
98 195 0 1
99 195 0 1
100 195 0 1
101 195 0 1
102 195 0 1
103 195 0 1
104 195 0 1
105 195 0 1
106 195 0 1
98 196 0 1
99 196 0 1
100 196 0 1
101 196 0 1
102 196 0 1
103 196 0 1
104 196 0 1
105 196 0 1
106 196 0 1
99 197 0 1
100 197 0 1
101 197 0 1
102 197 0 1
103 197 0 1
104 197 0 1
105 197 0 1
102 198 0 1
41 163 0 2
38 164 0 2
39 164 0 2
40 164 0 2
41 164 0 2
42 164 0 1
43 164 0 1
44 164 0 1
37 165 0 1
38 165 0 1
39 165 0 1
40 165 0 1
41 165 0 1
42 165 0 1
43 165 0 1
44 165 0 1
45 165 0 1
37 166 0 1
38 166 0 1
39 166 0 1
40 166 0 1
41 166 0 1
42 166 0 1
43 166 0 1
44 166 0 1
45 166 0 1
37 167 0 1
38 167 0 1
39 167 0 1
40 167 0 1
41 167 0 1
42 167 0 1
43 167 0 1
44 167 0 1
45 167 0 1
36 168 0 1
37 168 0 1
38 168 0 1
39 168 0 1
40 168 0 1
41 168 0 1
42 168 0 1
43 168 0 1
44 168 0 1
45 168 0 1
46 168 0 1
37 169 0 1
38 169 0 1
39 169 0 1
40 169 0 1
41 169 0 1
42 169 0 1
43 169 0 1
44 169 0 1
45 169 0 1
37 170 0 1
38 170 0 1
39 170 0 1
40 170 0 1
41 170 0 1
42 170 0 1
43 170 0 1
44 170 0 1
45 170 0 1
37 171 0 1
38 171 0 1
39 171 0 1
40 171 0 1
41 171 0 1
42 171 0 1
43 171 0 1
44 171 0 1
45 171 0 1
38 172 0 1
39 172 0 1
40 172 0 1
41 172 0 1
42 172 0 1
43 172 0 1
44 172 0 1
41 173 0 1
31 195 0 2
28 196 0 2
29 196 0 2
30 196 0 2
31 196 0 2
32 196 0 2
33 196 0 2
34 196 0 2
27 197 0 2
28 197 0 2
29 197 0 2
30 197 0 2
31 197 0 2
32 197 0 2
33 197 0 2
34 197 0 2
35 197 0 1
27 198 0 1
28 198 0 1
29 198 0 1
30 198 0 1
31 198 0 1
32 198 0 1
33 198 0 1
34 198 0 1
35 198 0 1
27 199 0 1
28 199 0 1
29 199 0 1
30 199 0 1
31 199 0 1
32 199 0 1
33 199 0 1
34 199 0 1
35 199 0 1
26 200 0 1
27 200 0 1
28 200 0 1
29 200 0 1
30 200 0 1
31 200 0 1
32 200 0 1
33 200 0 1
34 200 0 1
35 200 0 1
36 200 0 1
27 201 0 1
28 201 0 1
29 201 0 1
30 201 0 1
31 201 0 1
32 201 0 1
33 201 0 1
34 201 0 1
35 201 0 1
27 202 0 1
28 202 0 1
29 202 0 1
30 202 0 1
31 202 0 1
32 202 0 1
33 202 0 1
34 202 0 1
35 202 0 1
27 203 0 1
28 203 0 1
29 203 0 1
30 203 0 1
31 203 0 1
32 203 0 1
33 203 0 1
34 203 0 1
35 203 0 1
28 204 0 1
29 204 0 1
30 204 0 1
31 204 0 1
32 204 0 1
33 204 0 1
34 204 0 1
31 205 0 1
78 227 0 1
75 228 0 1
76 228 0 1
77 228 0 1
78 228 0 1
79 228 0 1
80 228 0 1
81 228 0 1
74 229 0 1
75 229 0 1
76 229 0 1
77 229 0 1
78 229 0 1
79 229 0 1
80 229 0 1
81 229 0 1
82 229 0 1
74 230 0 1
75 230 0 1
76 230 0 1
77 230 0 1
78 230 0 1
79 230 0 1
80 230 0 1
81 230 0 1
82 230 0 1
74 231 0 1
75 231 0 1
76 231 0 1
77 231 0 1
78 231 0 1
79 231 0 1
80 231 0 1
81 231 0 1
82 231 0 1
73 232 0 1
74 232 0 1
75 232 0 1
76 232 0 1
77 232 0 1
78 232 0 1
79 232 0 1
80 232 0 1
81 232 0 1
82 232 0 1
83 232 0 1
74 233 0 1
75 233 0 1
76 233 0 1
77 233 0 1
78 233 0 1
79 233 0 1
80 233 0 1
81 233 0 1
82 233 0 1
74 234 0 1
75 234 0 1
76 234 0 1
77 234 0 1
78 234 0 1
79 234 0 1
80 234 0 1
81 234 0 1
82 234 0 1
74 235 0 1
75 235 0 1
76 235 0 1
77 235 0 1
78 235 0 1
79 235 0 1
80 235 0 1
81 235 0 1
82 235 0 1
75 236 0 1
76 236 0 1
77 236 0 1
78 236 0 1
79 236 0 1
80 236 0 1
81 236 0 1
78 237 0 1
123 222 0 2
120 223 0 2
121 223 0 2
122 223 0 2
123 223 0 2
124 223 0 2
125 223 0 2
126 223 0 2
119 224 0 1
120 224 0 1
121 224 0 1
122 224 0 2
123 224 0 2
124 224 0 2
125 224 0 2
126 224 0 2
127 224 0 2
119 225 0 1
120 225 0 1
121 225 0 1
122 225 0 1
123 225 0 1
124 225 0 1
125 225 0 2
126 225 0 2
127 225 0 2
119 226 0 1
120 226 0 1
121 226 0 1
122 226 0 1
123 226 0 1
124 226 0 1
125 226 0 1
126 226 0 1
127 226 0 1
118 227 0 1
119 227 0 1
120 227 0 1
121 227 0 1
122 227 0 1
123 227 0 1
124 227 0 1
125 227 0 1
126 227 0 1
127 227 0 1
128 227 0 1
119 228 0 1
120 228 0 1
121 228 0 1
122 228 0 1
123 228 0 1
124 228 0 1
125 228 0 1
126 228 0 1
127 228 0 1
119 229 0 1
120 229 0 1
121 229 0 1
122 229 0 1
123 229 0 1
124 229 0 1
125 229 0 1
126 229 0 1
127 229 0 1
119 230 0 1
120 230 0 1
121 230 0 1
122 230 0 1
123 230 0 1
124 230 0 1
125 230 0 1
126 230 0 1
127 230 0 1
120 231 0 1
121 231 0 1
122 231 0 1
123 231 0 1
124 231 0 1
125 231 0 1
126 231 0 1
123 232 0 1
175 148 0 1
172 149 0 2
173 149 0 2
174 149 0 2
175 149 0 2
176 149 0 2
177 149 0 2
178 149 0 2
171 150 0 2
172 150 0 2
173 150 0 2
174 150 0 2
175 150 0 2
176 150 0 2
177 150 0 2
178 150 0 2
179 150 0 2
171 151 0 2
172 151 0 2
173 151 0 2
174 151 0 2
175 151 0 2
176 151 0 2
177 151 0 2
178 151 0 2
179 151 0 2
171 152 0 2
172 152 0 2
173 152 0 2
174 152 0 2
175 152 0 2
176 152 0 2
177 152 0 2
178 152 0 2
179 152 0 2
170 153 0 2
171 153 0 2
172 153 0 2
173 153 0 2
174 153 0 2
175 153 0 2
176 153 0 2
177 153 0 2
178 153 0 2
179 153 0 2
180 153 0 2
171 154 0 2
172 154 0 2
173 154 0 2
174 154 0 2
175 154 0 2
176 154 0 2
177 154 0 2
178 154 0 2
179 154 0 2
171 155 0 2
172 155 0 2
173 155 0 2
174 155 0 2
175 155 0 2
176 155 0 2
177 155 0 2
178 155 0 2
179 155 0 2
171 156 0 1
172 156 0 1
173 156 0 1
174 156 0 1
175 156 0 1
176 156 0 1
177 156 0 1
178 156 0 1
179 156 0 2
172 157 0 1
173 157 0 1
174 157 0 1
175 157 0 1
176 157 0 1
177 157 0 1
178 157 0 1
175 158 0 1
203 107 0 1
200 108 0 1
201 108 0 1
202 108 0 1
203 108 0 1
204 108 0 1
205 108 0 1
206 108 0 1
199 109 0 1
200 109 0 1
201 109 0 1
202 109 0 1
203 109 0 1
204 109 0 1
205 109 0 1
206 109 0 1
207 109 0 1
199 110 0 1
200 110 0 1
201 110 0 1
202 110 0 1
203 110 0 1
204 110 0 1
205 110 0 1
206 110 0 1
207 110 0 1
199 111 0 1
200 111 0 1
201 111 0 1
202 111 0 1
203 111 0 1
204 111 0 1
205 111 0 2
206 111 0 2
207 111 0 1
198 112 0 1
199 112 0 1
200 112 0 1
201 112 0 1
202 112 0 2
203 112 0 2
204 112 0 2
205 112 0 2
206 112 0 2
207 112 0 2
208 112 0 2
199 113 0 2
200 113 0 2
201 113 0 2
202 113 0 2
203 113 0 2
204 113 0 2
205 113 0 2
206 113 0 2
207 113 0 2
199 114 0 2
200 114 0 2
201 114 0 2
202 114 0 2
203 114 0 2
204 114 0 2
205 114 0 2
206 114 0 2
207 114 0 2
199 115 0 2
200 115 0 2
201 115 0 2
202 115 0 2
203 115 0 2
204 115 0 2
205 115 0 2
206 115 0 2
207 115 0 2
200 116 0 2
201 116 0 2
202 116 0 2
203 116 0 2
204 116 0 2
205 116 0 2
206 116 0 2
203 117 0 2
146 122 0 1
143 123 0 1
144 123 0 1
145 123 0 1
146 123 0 1
147 123 0 1
148 123 0 1
149 123 0 1
142 124 0 1
143 124 0 1
144 124 0 1
145 124 0 1
146 124 0 1
147 124 0 2
148 124 0 2
149 124 0 2
150 124 0 2
142 125 0 2
143 125 0 2
144 125 0 2
145 125 0 2
146 125 0 2
147 125 0 2
148 125 0 2
149 125 0 2
150 125 0 2
142 126 0 2
143 126 0 2
144 126 0 2
145 126 0 2
146 126 0 2
147 126 0 2
148 126 0 2
149 126 0 2
150 126 0 2
141 127 0 2
142 127 0 2
143 127 0 2
144 127 0 2
145 127 0 2
146 127 0 2
147 127 0 2
148 127 0 2
149 127 0 2
150 127 0 2
151 127 0 2
142 128 0 2
143 128 0 2
144 128 0 2
145 128 0 2
146 128 0 2
147 128 0 2
148 128 0 2
149 128 0 2
150 128 0 2
142 129 0 2
143 129 0 2
144 129 0 2
145 129 0 2
146 129 0 2
147 129 0 2
148 129 0 2
149 129 0 2
150 129 0 2
142 130 0 2
143 130 0 2
144 130 0 2
145 130 0 2
146 130 0 2
147 130 0 2
148 130 0 2
149 130 0 2
150 130 0 2
143 131 0 2
144 131 0 2
145 131 0 2
146 131 0 2
147 131 0 2
148 131 0 2
149 131 0 1
146 132 0 1
133 86 0 2
130 87 0 2
131 87 0 2
132 87 0 2
133 87 0 2
134 87 0 2
135 87 0 2
136 87 0 2
129 88 0 1
130 88 0 2
131 88 0 2
132 88 0 2
133 88 0 2
134 88 0 2
135 88 0 2
136 88 0 2
137 88 0 2
129 89 0 1
130 89 0 1
131 89 0 1
132 89 0 1
133 89 0 1
134 89 0 2
135 89 0 2
136 89 0 2
137 89 0 2
129 90 0 1
130 90 0 1
131 90 0 1
132 90 0 1
133 90 0 1
134 90 0 2
135 90 0 1
136 90 0 2
137 90 0 2
128 91 0 1
129 91 0 1
130 91 0 1
131 91 0 1
132 91 0 1
133 91 0 1
134 91 0 1
135 91 0 1
136 91 0 1
137 91 0 1
138 91 0 2
129 92 0 1
130 92 0 1
131 92 0 1
132 92 0 1
133 92 0 1
134 92 0 1
135 92 0 1
136 92 0 1
137 92 0 1
129 93 0 1
130 93 0 1
131 93 0 1
132 93 0 1
133 93 0 1
134 93 0 1
135 93 0 1
136 93 0 1
137 93 0 1
129 94 0 1
130 94 0 1
131 94 0 1
132 94 0 1
133 94 0 1
134 94 0 1
135 94 0 1
136 94 0 1
137 94 0 1
130 95 0 1
131 95 0 1
132 95 0 1
133 95 0 1
134 95 0 1
135 95 0 1
136 95 0 1
133 96 0 1
