50 28 0 1
46 29 0 1
47 29 0 1
48 29 0 1
49 29 0 1
50 29 0 1
51 29 0 1
52 29 0 1
53 29 0 1
54 29 0 1
44 30 0 1
45 30 0 1
46 30 0 1
47 30 0 1
48 30 0 1
49 30 0 1
50 30 0 1
51 30 0 1
52 30 0 1
53 30 0 1
54 30 0 1
55 30 0 1
56 30 0 1
43 31 0 1
44 31 0 1
45 31 0 1
46 31 0 1
47 31 0 1
48 31 0 1
49 31 0 1
50 31 0 1
51 31 0 1
52 31 0 1
53 31 0 1
54 31 0 1
55 31 0 2
56 31 0 2
57 31 0 2
42 32 0 1
43 32 0 1
44 32 0 1
45 32 0 1
46 32 0 1
47 32 0 1
48 32 0 1
49 32 0 1
50 32 0 1
51 32 0 2
52 32 0 2
53 32 0 2
54 32 0 2
55 32 0 2
56 32 0 2
57 32 0 2
58 32 0 2
42 33 0 1
43 33 0 1
44 33 0 1
45 33 0 1
46 33 0 1
47 33 0 1
48 33 0 1
49 33 0 2
50 33 0 2
51 33 0 2
52 33 0 2
53 33 0 2
54 33 0 2
55 33 0 2
56 33 0 2
57 33 0 2
58 33 0 2
41 34 0 1
42 34 0 1
43 34 0 1
44 34 0 1
45 34 0 1
46 34 0 1
47 34 0 1
48 34 0 2
49 34 0 2
50 34 0 2
51 34 0 2
52 34 0 2
53 34 0 2
54 34 0 2
55 34 0 2
56 34 0 2
57 34 0 2
58 34 0 2
59 34 0 2
41 35 0 1
42 35 0 1
43 35 0 1
44 35 0 1
45 35 0 1
46 35 0 1
47 35 0 2
48 35 0 2
49 35 0 2
50 35 0 2
51 35 0 2
52 35 0 2
53 35 0 2
54 35 0 2
55 35 0 2
56 35 0 2
57 35 0 2
58 35 0 2
59 35 0 2
41 36 0 1
42 36 0 1
43 36 0 1
44 36 0 1
45 36 0 1
46 36 0 2
47 36 0 2
48 36 0 2
49 36 0 2
50 36 0 2
51 36 0 2
52 36 0 2
53 36 0 2
54 36 0 2
55 36 0 2
56 36 0 2
57 36 0 2
58 36 0 2
59 36 0 2
41 37 0 1
42 37 0 1
43 37 0 1
44 37 0 2
45 37 0 2
46 37 0 2
47 37 0 2
48 37 0 2
49 37 0 2
50 37 0 2
51 37 0 2
52 37 0 2
53 37 0 2
54 37 0 2
55 37 0 2
56 37 0 2
57 37 0 2
58 37 0 1
59 37 0 1
40 38 0 1
41 38 0 1
42 38 0 1
43 38 0 2
44 38 0 2
45 38 0 2
46 38 0 2
47 38 0 2
48 38 0 2
49 38 0 2
50 38 0 2
51 38 0 2
52 38 0 2
53 38 0 2
54 38 0 2
55 38 0 2
56 38 0 1
57 38 0 1
58 38 0 1
59 38 0 1
60 38 0 1
41 39 0 1
42 39 0 2
43 39 0 2
44 39 0 2
45 39 0 2
46 39 0 2
47 39 0 2
48 39 0 2
49 39 0 2
50 39 0 2
51 39 0 2
52 39 0 2
53 39 0 1
54 39 0 1
55 39 0 1
56 39 0 1
57 39 0 1
58 39 0 1
59 39 0 1
41 40 0 2
42 40 0 2
43 40 0 2
44 40 0 2
45 40 0 2
46 40 0 2
47 40 0 2
48 40 0 2
49 40 0 2
50 40 0 2
51 40 0 1
52 40 0 1
53 40 0 1
54 40 0 1
55 40 0 1
56 40 0 1
57 40 0 1
58 40 0 1
59 40 0 1
41 41 0 2
42 41 0 2
43 41 0 2
44 41 0 2
45 41 0 2
46 41 0 2
47 41 0 2
48 41 0 2
49 41 0 2
50 41 0 1
51 41 0 1
52 41 0 1
53 41 0 1
54 41 0 1
55 41 0 1
56 41 0 1
57 41 0 1
58 41 0 1
59 41 0 1
41 42 0 2
42 42 0 2
43 42 0 2
44 42 0 2
45 42 0 2
46 42 0 2
47 42 0 2
48 42 0 2
49 42 0 1
50 42 0 1
51 42 0 1
52 42 0 1
53 42 0 1
54 42 0 1
55 42 0 1
56 42 0 1
57 42 0 1
58 42 0 1
59 42 0 1
42 43 0 2
43 43 0 2
44 43 0 2
45 43 0 2
46 43 0 2
47 43 0 2
48 43 0 1
49 43 0 1
50 43 0 1
51 43 0 1
52 43 0 1
53 43 0 1
54 43 0 1
55 43 0 1
56 43 0 1
57 43 0 1
58 43 0 1
42 44 0 2
43 44 0 2
44 44 0 2
45 44 0 2
46 44 0 1
47 44 0 1
48 44 0 1
49 44 0 1
50 44 0 1
51 44 0 1
52 44 0 1
53 44 0 1
54 44 0 1
55 44 0 1
56 44 0 1
57 44 0 1
58 44 0 1
43 45 0 2
44 45 0 1
45 45 0 1
46 45 0 1
47 45 0 1
48 45 0 1
49 45 0 1
50 45 0 1
51 45 0 1
52 45 0 1
53 45 0 1
54 45 0 1
55 45 0 1
56 45 0 1
57 45 0 1
44 46 0 1
45 46 0 1
46 46 0 1
47 46 0 1
48 46 0 1
49 46 0 1
50 46 0 1
51 46 0 1
52 46 0 1
53 46 0 1
54 46 0 1
55 46 0 1
56 46 0 1
46 47 0 1
47 47 0 1
48 47 0 1
49 47 0 1
50 47 0 1
51 47 0 1
52 47 0 1
53 47 0 1
54 47 0 1
50 48 0 1
119 30 0 1
115 31 0 1
116 31 0 1
117 31 0 1
118 31 0 1
119 31 0 1
120 31 0 1
121 31 0 1
122 31 0 1
123 31 0 1
113 32 0 1
114 32 0 1
115 32 0 1
116 32 0 1
117 32 0 1
118 32 0 1
119 32 0 1
120 32 0 1
121 32 0 1
122 32 0 1
123 32 0 1
124 32 0 1
125 32 0 1
112 33 0 1
113 33 0 1
114 33 0 1
115 33 0 1
116 33 0 1
117 33 0 1
118 33 0 1
119 33 0 1
120 33 0 1
121 33 0 1
122 33 0 1
123 33 0 1
124 33 0 1
125 33 0 1
126 33 0 1
111 34 0 1
112 34 0 1
113 34 0 1
114 34 0 1
115 34 0 1
116 34 0 1
117 34 0 1
118 34 0 1
119 34 0 1
120 34 0 1
121 34 0 1
122 34 0 1
123 34 0 1
124 34 0 1
125 34 0 1
126 34 0 1
127 34 0 1
111 35 0 1
112 35 0 1
113 35 0 1
114 35 0 1
115 35 0 1
116 35 0 1
117 35 0 1
118 35 0 1
119 35 0 1
120 35 0 1
121 35 0 1
122 35 0 1
123 35 0 1
124 35 0 1
125 35 0 1
126 35 0 1
127 35 0 1
110 36 0 1
111 36 0 1
112 36 0 1
113 36 0 1
114 36 0 1
115 36 0 1
116 36 0 1
117 36 0 1
118 36 0 1
119 36 0 1
120 36 0 1
121 36 0 1
122 36 0 1
123 36 0 1
124 36 0 1
125 36 0 1
126 36 0 1
127 36 0 1
128 36 0 1
110 37 0 2
111 37 0 2
112 37 0 2
113 37 0 2
114 37 0 2
115 37 0 2
116 37 0 2
117 37 0 2
118 37 0 1
119 37 0 1
120 37 0 1
121 37 0 1
122 37 0 1
123 37 0 1
124 37 0 1
125 37 0 1
126 37 0 1
127 37 0 1
128 37 0 1
110 38 0 2
111 38 0 2
112 38 0 2
113 38 0 2
114 38 0 2
115 38 0 2
116 38 0 2
117 38 0 2
118 38 0 2
119 38 0 2
120 38 0 2
121 38 0 2
122 38 0 2
123 38 0 2
124 38 0 2
125 38 0 2
126 38 0 2
127 38 0 2
128 38 0 2
110 39 0 2
111 39 0 2
112 39 0 2
113 39 0 2
114 39 0 2
115 39 0 2
116 39 0 2
117 39 0 2
118 39 0 2
119 39 0 2
120 39 0 2
121 39 0 2
122 39 0 2
123 39 0 2
124 39 0 2
125 39 0 2
126 39 0 2
127 39 0 2
128 39 0 2
109 40 0 2
110 40 0 2
111 40 0 2
112 40 0 2
113 40 0 2
114 40 0 2
115 40 0 2
116 40 0 2
117 40 0 2
118 40 0 2
119 40 0 2
120 40 0 2
121 40 0 2
122 40 0 2
123 40 0 2
124 40 0 2
125 40 0 2
126 40 0 2
127 40 0 2
128 40 0 2
129 40 0 2
110 41 0 2
111 41 0 2
112 41 0 2
113 41 0 2
114 41 0 2
115 41 0 2
116 41 0 2
117 41 0 2
118 41 0 2
119 41 0 2
120 41 0 2
121 41 0 2
122 41 0 2
123 41 0 2
124 41 0 2
125 41 0 2
126 41 0 2
127 41 0 2
128 41 0 2
110 42 0 2
111 42 0 2
112 42 0 2
113 42 0 2
114 42 0 2
115 42 0 2
116 42 0 2
117 42 0 2
118 42 0 2
119 42 0 2
120 42 0 2
121 42 0 2
122 42 0 2
123 42 0 2
124 42 0 2
125 42 0 2
126 42 0 2
127 42 0 2
128 42 0 2
110 43 0 2
111 43 0 2
112 43 0 2
113 43 0 2
114 43 0 2
115 43 0 2
116 43 0 2
117 43 0 2
118 43 0 2
119 43 0 2
120 43 0 2
121 43 0 2
122 43 0 2
123 43 0 2
124 43 0 2
125 43 0 2
126 43 0 2
127 43 0 2
128 43 0 2
110 44 0 1
111 44 0 1
112 44 0 2
113 44 0 2
114 44 0 2
115 44 0 2
116 44 0 2
117 44 0 2
118 44 0 2
119 44 0 2
120 44 0 2
121 44 0 2
122 44 0 2
123 44 0 2
124 44 0 2
125 44 0 2
126 44 0 2
127 44 0 2
128 44 0 2
111 45 0 1
112 45 0 1
113 45 0 1
114 45 0 1
115 45 0 1
116 45 0 1
117 45 0 1
118 45 0 1
119 45 0 1
120 45 0 1
121 45 0 1
122 45 0 1
123 45 0 1
124 45 0 2
125 45 0 2
126 45 0 2
127 45 0 2
111 46 0 1
112 46 0 1
113 46 0 1
114 46 0 1
115 46 0 1
116 46 0 1
117 46 0 1
118 46 0 1
119 46 0 1
120 46 0 1
121 46 0 1
122 46 0 1
123 46 0 1
124 46 0 1
125 46 0 1
126 46 0 1
127 46 0 1
112 47 0 1
113 47 0 1
114 47 0 1
115 47 0 1
116 47 0 1
117 47 0 1
118 47 0 1
119 47 0 1
120 47 0 1
121 47 0 1
122 47 0 1
123 47 0 1
124 47 0 1
125 47 0 1
126 47 0 1
113 48 0 1
114 48 0 1
115 48 0 1
116 48 0 1
117 48 0 1
118 48 0 1
119 48 0 1
120 48 0 1
121 48 0 1
122 48 0 1
123 48 0 1
124 48 0 1
125 48 0 1
115 49 0 1
116 49 0 1
117 49 0 1
118 49 0 1
119 49 0 1
120 49 0 1
121 49 0 1
122 49 0 1
123 49 0 1
119 50 0 1
186 77 0 1
182 78 0 1
183 78 0 1
184 78 0 1
185 78 0 1
186 78 0 1
187 78 0 1
188 78 0 1
189 78 0 1
190 78 0 1
180 79 0 1
181 79 0 1
182 79 0 1
183 79 0 1
184 79 0 1
185 79 0 1
186 79 0 1
187 79 0 1
188 79 0 1
189 79 0 1
190 79 0 1
191 79 0 1
192 79 0 1
179 80 0 1
180 80 0 1
181 80 0 1
182 80 0 1
183 80 0 1
184 80 0 1
185 80 0 1
186 80 0 1
187 80 0 1
188 80 0 1
189 80 0 1
190 80 0 1
191 80 0 1
192 80 0 1
193 80 0 2
178 81 0 1
179 81 0 1
180 81 0 1
181 81 0 1
182 81 0 1
183 81 0 1
184 81 0 1
185 81 0 1
186 81 0 1
187 81 0 1
188 81 0 1
189 81 0 1
190 81 0 1
191 81 0 1
192 81 0 2
193 81 0 2
194 81 0 2
178 82 0 1
179 82 0 1
180 82 0 1
181 82 0 1
182 82 0 1
183 82 0 1
184 82 0 1
185 82 0 1
186 82 0 1
187 82 0 1
188 82 0 1
189 82 0 1
190 82 0 2
191 82 0 2
192 82 0 2
193 82 0 2
194 82 0 2
177 83 0 1
178 83 0 1
179 83 0 1
180 83 0 1
181 83 0 1
182 83 0 1
183 83 0 1
184 83 0 1
185 83 0 2
186 83 0 2
187 83 0 2
188 83 0 2
189 83 0 2
190 83 0 2
191 83 0 2
192 83 0 2
193 83 0 2
194 83 0 2
195 83 0 2
177 84 0 1
178 84 0 1
179 84 0 1
180 84 0 1
181 84 0 1
182 84 0 1
183 84 0 2
184 84 0 2
185 84 0 2
186 84 0 2
187 84 0 2
188 84 0 2
189 84 0 2
190 84 0 2
191 84 0 2
192 84 0 2
193 84 0 2
194 84 0 2
195 84 0 2
177 85 0 1
178 85 0 1
179 85 0 1
180 85 0 2
181 85 0 2
182 85 0 2
183 85 0 2
184 85 0 2
185 85 0 2
186 85 0 2
187 85 0 2
188 85 0 2
189 85 0 2
190 85 0 2
191 85 0 2
192 85 0 2
193 85 0 2
194 85 0 2
195 85 0 2
177 86 0 1
178 86 0 1
179 86 0 1
180 86 0 2
181 86 0 2
182 86 0 2
183 86 0 2
184 86 0 2
185 86 0 2
186 86 0 2
187 86 0 2
188 86 0 2
189 86 0 2
190 86 0 2
191 86 0 2
192 86 0 2
193 86 0 2
194 86 0 2
195 86 0 2
176 87 0 1
177 87 0 1
178 87 0 2
179 87 0 2
180 87 0 2
181 87 0 2
182 87 0 2
183 87 0 2
184 87 0 2
185 87 0 2
186 87 0 2
187 87 0 2
188 87 0 2
189 87 0 2
190 87 0 2
191 87 0 2
192 87 0 1
193 87 0 1
194 87 0 1
195 87 0 1
196 87 0 1
177 88 0 2
178 88 0 2
179 88 0 2
180 88 0 2
181 88 0 2
182 88 0 2
183 88 0 2
184 88 0 2
185 88 0 2
186 88 0 2
187 88 0 2
188 88 0 2
189 88 0 2
190 88 0 2
191 88 0 2
192 88 0 1
193 88 0 1
194 88 0 1
195 88 0 1
177 89 0 2
178 89 0 2
179 89 0 2
180 89 0 2
181 89 0 2
182 89 0 2
183 89 0 2
184 89 0 2
185 89 0 2
186 89 0 2
187 89 0 2
188 89 0 2
189 89 0 2
190 89 0 1
191 89 0 1
192 89 0 1
193 89 0 1
194 89 0 1
195 89 0 1
177 90 0 2
178 90 0 2
179 90 0 2
180 90 0 2
181 90 0 2
182 90 0 2
183 90 0 2
184 90 0 2
185 90 0 2
186 90 0 2
187 90 0 1
188 90 0 1
189 90 0 1
190 90 0 1
191 90 0 1
192 90 0 1
193 90 0 1
194 90 0 1
195 90 0 1
177 91 0 2
178 91 0 2
179 91 0 2
180 91 0 2
181 91 0 2
182 91 0 2
183 91 0 2
184 91 0 1
185 91 0 1
186 91 0 1
187 91 0 1
188 91 0 1
189 91 0 1
190 91 0 1
191 91 0 1
192 91 0 1
193 91 0 1
194 91 0 1
195 91 0 1
178 92 0 2
179 92 0 2
180 92 0 2
181 92 0 2
182 92 0 2
183 92 0 2
184 92 0 1
185 92 0 1
186 92 0 1
187 92 0 1
188 92 0 1
189 92 0 1
190 92 0 1
191 92 0 1
192 92 0 1
193 92 0 1
194 92 0 1
178 93 0 2
179 93 0 2
180 93 0 2
181 93 0 1
182 93 0 1
183 93 0 1
184 93 0 1
185 93 0 1
186 93 0 1
187 93 0 1
188 93 0 1
189 93 0 1
190 93 0 1
191 93 0 1
192 93 0 1
193 93 0 1
194 93 0 1
179 94 0 1
180 94 0 1
181 94 0 1
182 94 0 1
183 94 0 1
184 94 0 1
185 94 0 1
186 94 0 1
187 94 0 1
188 94 0 1
189 94 0 1
190 94 0 1
191 94 0 1
192 94 0 1
193 94 0 1
180 95 0 1
181 95 0 1
182 95 0 1
183 95 0 1
184 95 0 1
185 95 0 1
186 95 0 1
187 95 0 1
188 95 0 1
189 95 0 1
190 95 0 1
191 95 0 1
192 95 0 1
182 96 0 1
183 96 0 1
184 96 0 1
185 96 0 1
186 96 0 1
187 96 0 1
188 96 0 1
189 96 0 1
190 96 0 1
186 97 0 1
183 140 0 1
179 141 0 1
180 141 0 1
181 141 0 1
182 141 0 1
183 141 0 1
184 141 0 1
185 141 0 1
186 141 0 1
187 141 0 1
177 142 0 1
178 142 0 1
179 142 0 1
180 142 0 1
181 142 0 1
182 142 0 1
183 142 0 1
184 142 0 1
185 142 0 1
186 142 0 1
187 142 0 1
188 142 0 1
189 142 0 1
176 143 0 1
177 143 0 1
178 143 0 1
179 143 0 1
180 143 0 1
181 143 0 1
182 143 0 1
183 143 0 1
184 143 0 1
185 143 0 1
186 143 0 1
187 143 0 1
188 143 0 1
189 143 0 1
190 143 0 1
175 144 0 1
176 144 0 1
177 144 0 1
178 144 0 1
179 144 0 1
180 144 0 1
181 144 0 1
182 144 0 1
183 144 0 1
184 144 0 1
185 144 0 1
186 144 0 1
187 144 0 1
188 144 0 1
189 144 0 1
190 144 0 1
191 144 0 1
175 145 0 1
176 145 0 1
177 145 0 1
178 145 0 1
179 145 0 1
180 145 0 1
181 145 0 1
182 145 0 1
183 145 0 1
184 145 0 1
185 145 0 1
186 145 0 1
187 145 0 1
188 145 0 1
189 145 0 1
190 145 0 1
191 145 0 1
174 146 0 1
175 146 0 1
176 146 0 1
177 146 0 1
178 146 0 1
179 146 0 1
180 146 0 1
181 146 0 1
182 146 0 1
183 146 0 1
184 146 0 1
185 146 0 1
186 146 0 1
187 146 0 1
188 146 0 1
189 146 0 1
190 146 0 1
191 146 0 1
192 146 0 1
174 147 0 1
175 147 0 1
176 147 0 1
177 147 0 1
178 147 0 1
179 147 0 1
180 147 0 1
181 147 0 1
182 147 0 1
183 147 0 1
184 147 0 1
185 147 0 1
186 147 0 1
187 147 0 1
188 147 0 1
189 147 0 1
190 147 0 1
191 147 0 1
192 147 0 1
174 148 0 1
175 148 0 1
176 148 0 1
177 148 0 1
178 148 0 1
179 148 0 1
180 148 0 1
181 148 0 1
182 148 0 1
183 148 0 1
184 148 0 1
185 148 0 1
186 148 0 1
187 148 0 1
188 148 0 1
189 148 0 1
190 148 0 1
191 148 0 1
192 148 0 1
174 149 0 2
175 149 0 2
176 149 0 2
177 149 0 2
178 149 0 2
179 149 0 2
180 149 0 2
181 149 0 2
182 149 0 2
183 149 0 2
184 149 0 1
185 149 0 1
186 149 0 1
187 149 0 1
188 149 0 1
189 149 0 1
190 149 0 1
191 149 0 1
192 149 0 1
173 150 0 2
174 150 0 2
175 150 0 2
176 150 0 2
177 150 0 2
178 150 0 2
179 150 0 2
180 150 0 2
181 150 0 2
182 150 0 2
183 150 0 2
184 150 0 2
185 150 0 1
186 150 0 1
187 150 0 1
188 150 0 1
189 150 0 1
190 150 0 1
191 150 0 1
192 150 0 1
193 150 0 1
174 151 0 2
175 151 0 2
176 151 0 2
177 151 0 2
178 151 0 2
179 151 0 2
180 151 0 2
181 151 0 2
182 151 0 2
183 151 0 2
184 151 0 2
185 151 0 2
186 151 0 2
187 151 0 2
188 151 0 2
189 151 0 2
190 151 0 2
191 151 0 1
192 151 0 1
174 152 0 2
175 152 0 2
176 152 0 2
177 152 0 2
178 152 0 2
179 152 0 2
180 152 0 2
181 152 0 2
182 152 0 2
183 152 0 2
184 152 0 2
185 152 0 2
186 152 0 2
187 152 0 2
188 152 0 2
189 152 0 2
190 152 0 2
191 152 0 2
192 152 0 1
174 153 0 2
175 153 0 2
176 153 0 2
177 153 0 2
178 153 0 2
179 153 0 2
180 153 0 2
181 153 0 2
182 153 0 2
183 153 0 2
184 153 0 2
185 153 0 2
186 153 0 2
187 153 0 2
188 153 0 2
189 153 0 2
190 153 0 2
191 153 0 2
192 153 0 2
174 154 0 2
175 154 0 2
176 154 0 2
177 154 0 2
178 154 0 2
179 154 0 2
180 154 0 2
181 154 0 2
182 154 0 2
183 154 0 2
184 154 0 2
185 154 0 2
186 154 0 2
187 154 0 2
188 154 0 2
189 154 0 2
190 154 0 2
191 154 0 2
192 154 0 2
175 155 0 2
176 155 0 2
177 155 0 2
178 155 0 2
179 155 0 2
180 155 0 2
181 155 0 2
182 155 0 2
183 155 0 2
184 155 0 2
185 155 0 2
186 155 0 2
187 155 0 2
188 155 0 2
189 155 0 2
190 155 0 2
191 155 0 2
175 156 0 1
176 156 0 1
177 156 0 1
178 156 0 1
179 156 0 2
180 156 0 2
181 156 0 2
182 156 0 1
183 156 0 1
184 156 0 2
185 156 0 2
186 156 0 2
187 156 0 2
188 156 0 2
189 156 0 2
190 156 0 2
191 156 0 2
176 157 0 1
177 157 0 1
178 157 0 1
179 157 0 1
180 157 0 1
181 157 0 1
182 157 0 1
183 157 0 1
184 157 0 1
185 157 0 2
186 157 0 2
187 157 0 2
188 157 0 2
189 157 0 2
190 157 0 2
177 158 0 1
178 158 0 1
179 158 0 1
180 158 0 1
181 158 0 1
182 158 0 1
183 158 0 1
184 158 0 1
185 158 0 2
186 158 0 2
187 158 0 2
188 158 0 2
189 158 0 2
179 159 0 1
180 159 0 1
181 159 0 1
182 159 0 1
183 159 0 1
184 159 0 1
185 159 0 1
186 159 0 1
187 159 0 1
183 160 0 1
52 183 0 1
48 184 0 1
49 184 0 1
50 184 0 1
51 184 0 1
52 184 0 1
53 184 0 1
54 184 0 1
55 184 0 1
56 184 0 1
46 185 0 1
47 185 0 1
48 185 0 1
49 185 0 1
50 185 0 1
51 185 0 1
52 185 0 1
53 185 0 1
54 185 0 1
55 185 0 1
56 185 0 1
57 185 0 1
58 185 0 1
45 186 0 1
46 186 0 1
47 186 0 1
48 186 0 1
49 186 0 1
50 186 0 1
51 186 0 1
52 186 0 1
53 186 0 1
54 186 0 1
55 186 0 1
56 186 0 1
57 186 0 1
58 186 0 1
59 186 0 1
44 187 0 1
45 187 0 1
46 187 0 1
47 187 0 1
48 187 0 2
49 187 0 2
50 187 0 2
51 187 0 2
52 187 0 2
53 187 0 2
54 187 0 2
55 187 0 2
56 187 0 1
57 187 0 1
58 187 0 1
59 187 0 2
60 187 0 2
44 188 0 1
45 188 0 1
46 188 0 2
47 188 0 2
48 188 0 2
49 188 0 2
50 188 0 2
51 188 0 2
52 188 0 2
53 188 0 2
54 188 0 2
55 188 0 2
56 188 0 2
57 188 0 2
58 188 0 2
59 188 0 2
60 188 0 2
43 189 0 2
44 189 0 2
45 189 0 2
46 189 0 2
47 189 0 2
48 189 0 2
49 189 0 2
50 189 0 2
51 189 0 2
52 189 0 2
53 189 0 2
54 189 0 2
55 189 0 2
56 189 0 2
57 189 0 2
58 189 0 2
59 189 0 2
60 189 0 2
61 189 0 2
43 190 0 2
44 190 0 2
45 190 0 2
46 190 0 2
47 190 0 2
48 190 0 2
49 190 0 2
50 190 0 2
51 190 0 2
52 190 0 2
53 190 0 2
54 190 0 2
55 190 0 2
56 190 0 2
57 190 0 2
58 190 0 2
59 190 0 2
60 190 0 2
61 190 0 2
43 191 0 2
44 191 0 2
45 191 0 2
46 191 0 2
47 191 0 2
48 191 0 2
49 191 0 2
50 191 0 2
51 191 0 2
52 191 0 2
53 191 0 2
54 191 0 2
55 191 0 2
56 191 0 2
57 191 0 2
58 191 0 2
59 191 0 2
60 191 0 2
61 191 0 2
43 192 0 2
44 192 0 2
45 192 0 2
46 192 0 2
47 192 0 2
48 192 0 2
49 192 0 2
50 192 0 2
51 192 0 2
52 192 0 2
53 192 0 2
54 192 0 2
55 192 0 2
56 192 0 2
57 192 0 2
58 192 0 2
59 192 0 2
60 192 0 2
61 192 0 2
42 193 0 2
43 193 0 2
44 193 0 2
45 193 0 2
46 193 0 2
47 193 0 2
48 193 0 2
49 193 0 2
50 193 0 2
51 193 0 2
52 193 0 2
53 193 0 2
54 193 0 2
55 193 0 2
56 193 0 2
57 193 0 2
58 193 0 2
59 193 0 2
60 193 0 2
61 193 0 1
62 193 0 1
43 194 0 2
44 194 0 2
45 194 0 2
46 194 0 2
47 194 0 2
48 194 0 2
49 194 0 2
50 194 0 2
51 194 0 2
52 194 0 2
53 194 0 2
54 194 0 2
55 194 0 2
56 194 0 2
57 194 0 2
58 194 0 1
59 194 0 1
60 194 0 1
61 194 0 1
43 195 0 2
44 195 0 1
45 195 0 1
46 195 0 1
47 195 0 1
48 195 0 2
49 195 0 2
50 195 0 2
51 195 0 2
52 195 0 2
53 195 0 2
54 195 0 2
55 195 0 2
56 195 0 2
57 195 0 1
58 195 0 1
59 195 0 1
60 195 0 1
61 195 0 1
43 196 0 1
44 196 0 1
45 196 0 1
46 196 0 1
47 196 0 1
48 196 0 2
49 196 0 2
50 196 0 2
51 196 0 2
52 196 0 2
53 196 0 2
54 196 0 2
55 196 0 1
56 196 0 1
57 196 0 1
58 196 0 1
59 196 0 1
60 196 0 1
61 196 0 1
43 197 0 1
44 197 0 1
45 197 0 1
46 197 0 1
47 197 0 2
48 197 0 2
49 197 0 2
50 197 0 2
51 197 0 2
52 197 0 2
53 197 0 2
54 197 0 2
55 197 0 1
56 197 0 1
57 197 0 1
58 197 0 1
59 197 0 1
60 197 0 1
61 197 0 1
44 198 0 1
45 198 0 1
46 198 0 2
47 198 0 2
48 198 0 2
49 198 0 2
50 198 0 2
51 198 0 2
52 198 0 2
53 198 0 2
54 198 0 1
55 198 0 1
56 198 0 1
57 198 0 1
58 198 0 1
59 198 0 1
60 198 0 1
44 199 0 1
45 199 0 1
46 199 0 2
47 199 0 2
48 199 0 2
49 199 0 2
50 199 0 2
51 199 0 2
52 199 0 2
53 199 0 1
54 199 0 1
55 199 0 1
56 199 0 1
57 199 0 1
58 199 0 1
59 199 0 1
60 199 0 1
45 200 0 1
46 200 0 2
47 200 0 2
48 200 0 2
49 200 0 2
50 200 0 2
51 200 0 2
52 200 0 2
53 200 0 1
54 200 0 1
55 200 0 1
56 200 0 1
57 200 0 1
58 200 0 1
59 200 0 1
46 201 0 2
47 201 0 2
48 201 0 2
49 201 0 2
50 201 0 2
51 201 0 2
52 201 0 1
53 201 0 1
54 201 0 1
55 201 0 1
56 201 0 1
57 201 0 1
58 201 0 1
48 202 0 2
49 202 0 2
50 202 0 2
51 202 0 1
52 202 0 1
53 202 0 1
54 202 0 1
55 202 0 1
56 202 0 1
52 203 0 1
157 209 0 1
153 210 0 1
154 210 0 1
155 210 0 1
156 210 0 1
157 210 0 1
158 210 0 1
159 210 0 1
160 210 0 1
161 210 0 1
151 211 0 2
152 211 0 2
153 211 0 2
154 211 0 1
155 211 0 1
156 211 0 1
157 211 0 1
158 211 0 1
159 211 0 1
160 211 0 1
161 211 0 1
162 211 0 2
163 211 0 2
150 212 0 2
151 212 0 2
152 212 0 2
153 212 0 2
154 212 0 2
155 212 0 2
156 212 0 1
157 212 0 1
158 212 0 1
159 212 0 1
160 212 0 2
161 212 0 2
162 212 0 2
163 212 0 2
164 212 0 2
149 213 0 2
150 213 0 2
151 213 0 2
152 213 0 2
153 213 0 2
154 213 0 2
155 213 0 2
156 213 0 1
157 213 0 1
158 213 0 1
159 213 0 2
160 213 0 2
161 213 0 2
162 213 0 2
163 213 0 2
164 213 0 2
165 213 0 2
149 214 0 1
150 214 0 2
151 214 0 2
152 214 0 2
153 214 0 2
154 214 0 2
155 214 0 2
156 214 0 1
157 214 0 1
158 214 0 2
159 214 0 2
160 214 0 2
161 214 0 2
162 214 0 2
163 214 0 2
164 214 0 2
165 214 0 2
148 215 0 1
149 215 0 1
150 215 0 2
151 215 0 2
152 215 0 2
153 215 0 2
154 215 0 2
155 215 0 2
156 215 0 2
157 215 0 2
158 215 0 2
159 215 0 2
160 215 0 2
161 215 0 2
162 215 0 2
163 215 0 2
164 215 0 2
165 215 0 2
166 215 0 2
148 216 0 1
149 216 0 1
150 216 0 2
151 216 0 2
152 216 0 2
153 216 0 2
154 216 0 2
155 216 0 2
156 216 0 2
157 216 0 2
158 216 0 2
159 216 0 2
160 216 0 2
161 216 0 2
162 216 0 2
163 216 0 2
164 216 0 2
165 216 0 2
166 216 0 2
148 217 0 1
149 217 0 1
150 217 0 2
151 217 0 2
152 217 0 2
153 217 0 2
154 217 0 2
155 217 0 2
156 217 0 2
157 217 0 2
158 217 0 2
159 217 0 2
160 217 0 2
161 217 0 2
162 217 0 2
163 217 0 2
164 217 0 2
165 217 0 2
166 217 0 2
148 218 0 1
149 218 0 1
150 218 0 2
151 218 0 2
152 218 0 2
153 218 0 2
154 218 0 2
155 218 0 2
156 218 0 2
157 218 0 2
158 218 0 2
159 218 0 2
160 218 0 2
161 218 0 2
162 218 0 2
163 218 0 2
164 218 0 2
165 218 0 2
166 218 0 2
147 219 0 1
148 219 0 1
149 219 0 2
150 219 0 2
151 219 0 2
152 219 0 2
153 219 0 2
154 219 0 2
155 219 0 2
156 219 0 2
157 219 0 2
158 219 0 2
159 219 0 2
160 219 0 2
161 219 0 2
162 219 0 2
163 219 0 1
164 219 0 1
165 219 0 1
166 219 0 1
167 219 0 1
148 220 0 2
149 220 0 2
150 220 0 2
151 220 0 2
152 220 0 2
153 220 0 2
154 220 0 2
155 220 0 2
156 220 0 2
157 220 0 2
158 220 0 2
159 220 0 2
160 220 0 2
161 220 0 2
162 220 0 1
163 220 0 1
164 220 0 1
165 220 0 1
166 220 0 1
148 221 0 2
149 221 0 2
150 221 0 2
151 221 0 2
152 221 0 2
153 221 0 2
154 221 0 2
155 221 0 2
156 221 0 2
157 221 0 2
158 221 0 2
159 221 0 2
160 221 0 1
161 221 0 1
162 221 0 1
163 221 0 1
164 221 0 1
165 221 0 1
166 221 0 1
148 222 0 2
149 222 0 2
150 222 0 2
151 222 0 2
152 222 0 2
153 222 0 2
154 222 0 2
155 222 0 2
156 222 0 2
157 222 0 2
158 222 0 2
159 222 0 1
160 222 0 1
161 222 0 1
162 222 0 1
163 222 0 1
164 222 0 1
165 222 0 1
166 222 0 1
148 223 0 2
149 223 0 2
150 223 0 2
151 223 0 2
152 223 0 2
153 223 0 2
154 223 0 2
155 223 0 2
156 223 0 2
157 223 0 2
158 223 0 1
159 223 0 1
160 223 0 1
161 223 0 1
162 223 0 1
163 223 0 1
164 223 0 1
165 223 0 1
166 223 0 1
149 224 0 2
150 224 0 2
151 224 0 2
152 224 0 2
153 224 0 2
154 224 0 1
155 224 0 1
156 224 0 1
157 224 0 1
158 224 0 1
159 224 0 1
160 224 0 1
161 224 0 1
162 224 0 1
163 224 0 1
164 224 0 1
165 224 0 1
149 225 0 2
150 225 0 2
151 225 0 2
152 225 0 2
153 225 0 2
154 225 0 1
155 225 0 1
156 225 0 1
157 225 0 1
158 225 0 1
159 225 0 1
160 225 0 1
161 225 0 1
162 225 0 1
163 225 0 1
164 225 0 1
165 225 0 1
150 226 0 2
151 226 0 2
152 226 0 2
153 226 0 1
154 226 0 1
155 226 0 1
156 226 0 1
157 226 0 1
158 226 0 1
159 226 0 1
160 226 0 1
161 226 0 1
162 226 0 1
163 226 0 1
164 226 0 1
151 227 0 1
152 227 0 1
153 227 0 1
154 227 0 1
155 227 0 1
156 227 0 1
157 227 0 1
158 227 0 1
159 227 0 1
160 227 0 1
161 227 0 1
162 227 0 1
163 227 0 1
153 228 0 1
154 228 0 1
155 228 0 1
156 228 0 1
157 228 0 1
158 228 0 1
159 228 0 1
160 228 0 1
161 228 0 1
157 229 0 1
239 207 0 1
235 208 0 1
236 208 0 1
237 208 0 1
238 208 0 1
239 208 0 1
240 208 0 1
241 208 0 1
242 208 0 1
243 208 0 2
233 209 0 1
234 209 0 1
235 209 0 1
236 209 0 1
237 209 0 1
238 209 0 1
239 209 0 1
240 209 0 1
241 209 0 1
242 209 0 2
243 209 0 2
244 209 0 2
245 209 0 2
232 210 0 1
233 210 0 1
234 210 0 1
235 210 0 1
236 210 0 1
237 210 0 1
238 210 0 1
239 210 0 1
240 210 0 2
241 210 0 2
242 210 0 2
243 210 0 2
244 210 0 2
245 210 0 2
246 210 0 2
231 211 0 1
232 211 0 1
233 211 0 1
234 211 0 1
235 211 0 1
236 211 0 1
237 211 0 1
238 211 0 1
239 211 0 2
240 211 0 2
241 211 0 2
242 211 0 2
243 211 0 2
244 211 0 2
245 211 0 2
246 211 0 2
247 211 0 2
231 212 0 1
232 212 0 1
233 212 0 1
234 212 0 1
235 212 0 1
236 212 0 1
237 212 0 2
238 212 0 2
239 212 0 2
240 212 0 2
241 212 0 2
242 212 0 2
243 212 0 2
244 212 0 2
245 212 0 2
246 212 0 2
247 212 0 2
230 213 0 1
231 213 0 1
232 213 0 1
233 213 0 1
234 213 0 1
235 213 0 1
236 213 0 2
237 213 0 2
238 213 0 2
239 213 0 2
240 213 0 2
241 213 0 2
242 213 0 2
243 213 0 2
244 213 0 2
245 213 0 2
246 213 0 2
247 213 0 2
248 213 0 1
230 214 0 1
231 214 0 1
232 214 0 1
233 214 0 1
234 214 0 1
235 214 0 1
236 214 0 2
237 214 0 2
238 214 0 2
239 214 0 2
240 214 0 2
241 214 0 2
242 214 0 2
243 214 0 2
244 214 0 2
245 214 0 2
246 214 0 2
247 214 0 1
248 214 0 1
230 215 0 2
231 215 0 2
232 215 0 2
233 215 0 2
234 215 0 2
235 215 0 2
236 215 0 2
237 215 0 2
238 215 0 2
239 215 0 2
240 215 0 2
241 215 0 2
242 215 0 2
243 215 0 2
244 215 0 2
245 215 0 1
246 215 0 1
247 215 0 1
248 215 0 1
230 216 0 2
231 216 0 2
232 216 0 2
233 216 0 2
234 216 0 2
235 216 0 2
236 216 0 2
237 216 0 2
238 216 0 2
239 216 0 2
240 216 0 2
241 216 0 2
242 216 0 2
243 216 0 1
244 216 0 1
245 216 0 1
246 216 0 1
247 216 0 1
248 216 0 1
229 217 0 2
230 217 0 2
231 217 0 2
232 217 0 2
233 217 0 2
234 217 0 2
235 217 0 2
236 217 0 2
237 217 0 2
238 217 0 2
239 217 0 2
240 217 0 2
241 217 0 2
242 217 0 2
243 217 0 1
244 217 0 1
245 217 0 1
246 217 0 1
247 217 0 1
248 217 0 1
249 217 0 1
230 218 0 2
231 218 0 2
232 218 0 2
233 218 0 2
234 218 0 2
235 218 0 2
236 218 0 2
237 218 0 2
238 218 0 2
239 218 0 2
240 218 0 2
241 218 0 2
242 218 0 1
243 218 0 1
244 218 0 1
245 218 0 1
246 218 0 1
247 218 0 1
248 218 0 1
230 219 0 2
231 219 0 2
232 219 0 2
233 219 0 2
234 219 0 2
235 219 0 2
236 219 0 2
237 219 0 2
238 219 0 2
239 219 0 2
240 219 0 2
241 219 0 1
242 219 0 1
243 219 0 1
244 219 0 1
245 219 0 1
246 219 0 1
247 219 0 1
248 219 0 1
230 220 0 2
231 220 0 2
232 220 0 2
233 220 0 2
234 220 0 2
235 220 0 2
236 220 0 2
237 220 0 2
238 220 0 2
239 220 0 2
240 220 0 1
241 220 0 1
242 220 0 1
243 220 0 1
244 220 0 1
245 220 0 1
246 220 0 1
247 220 0 1
248 220 0 1
230 221 0 2
231 221 0 2
232 221 0 2
233 221 0 2
234 221 0 2
235 221 0 1
236 221 0 1
237 221 0 1
238 221 0 1
239 221 0 1
240 221 0 1
241 221 0 1
242 221 0 1
243 221 0 1
244 221 0 1
245 221 0 1
246 221 0 1
247 221 0 1
248 221 0 1
231 222 0 1
232 222 0 1
233 222 0 1
234 222 0 1
235 222 0 1
236 222 0 1
237 222 0 1
238 222 0 1
239 222 0 1
240 222 0 1
241 222 0 1
242 222 0 1
243 222 0 1
244 222 0 1
245 222 0 1
246 222 0 1
247 222 0 1
231 223 0 1
232 223 0 1
233 223 0 1
234 223 0 1
235 223 0 1
236 223 0 1
237 223 0 1
238 223 0 1
239 223 0 1
240 223 0 1
241 223 0 1
242 223 0 1
243 223 0 1
244 223 0 1
245 223 0 1
246 223 0 1
247 223 0 1
232 224 0 1
233 224 0 1
234 224 0 1
235 224 0 1
236 224 0 1
237 224 0 1
238 224 0 1
239 224 0 1
240 224 0 1
241 224 0 1
242 224 0 1
243 224 0 1
244 224 0 1
245 224 0 1
246 224 0 1
233 225 0 1
234 225 0 1
235 225 0 1
236 225 0 1
237 225 0 1
238 225 0 1
239 225 0 1
240 225 0 1
241 225 0 1
242 225 0 1
243 225 0 1
244 225 0 1
245 225 0 1
235 226 0 1
236 226 0 1
237 226 0 1
238 226 0 1
239 226 0 1
240 226 0 1
241 226 0 1
242 226 0 1
243 226 0 1
239 227 0 1
