175 42 0 1
168 43 0 1
169 43 0 1
170 43 0 1
171 43 0 1
172 43 0 1
173 43 0 1
174 43 0 1
175 43 0 1
176 43 0 1
177 43 0 1
178 43 0 1
179 43 0 1
180 43 0 1
181 43 0 1
182 43 0 1
166 44 0 1
167 44 0 1
168 44 0 1
169 44 0 1
170 44 0 1
171 44 0 1
172 44 0 1
173 44 0 1
174 44 0 1
175 44 0 1
176 44 0 1
177 44 0 1
178 44 0 1
179 44 0 1
180 44 0 1
181 44 0 1
182 44 0 1
183 44 0 1
184 44 0 1
164 45 0 1
165 45 0 1
166 45 0 1
167 45 0 1
168 45 0 1
169 45 0 1
170 45 0 1
171 45 0 1
172 45 0 1
173 45 0 1
174 45 0 1
175 45 0 1
176 45 0 1
177 45 0 1
178 45 0 1
179 45 0 1
180 45 0 1
181 45 0 1
182 45 0 1
183 45 0 1
184 45 0 1
185 45 0 1
186 45 0 2
162 46 0 1
163 46 0 1
164 46 0 1
165 46 0 1
166 46 0 1
167 46 0 1
168 46 0 1
169 46 0 1
170 46 0 1
171 46 0 1
172 46 0 1
173 46 0 1
174 46 0 1
175 46 0 1
176 46 0 1
177 46 0 1
178 46 0 1
179 46 0 1
180 46 0 1
181 46 0 1
182 46 0 1
183 46 0 1
184 46 0 1
185 46 0 2
186 46 0 2
187 46 0 2
188 46 0 2
160 47 0 1
161 47 0 1
162 47 0 1
163 47 0 1
164 47 0 1
165 47 0 1
166 47 0 1
167 47 0 1
168 47 0 1
169 47 0 1
170 47 0 1
171 47 0 1
172 47 0 1
173 47 0 1
174 47 0 1
175 47 0 1
176 47 0 1
177 47 0 1
178 47 0 1
179 47 0 1
180 47 0 1
181 47 0 1
182 47 0 1
183 47 0 1
184 47 0 2
185 47 0 2
186 47 0 2
187 47 0 2
188 47 0 2
189 47 0 2
190 47 0 2
159 48 0 1
160 48 0 1
161 48 0 1
162 48 0 1
163 48 0 1
164 48 0 1
165 48 0 1
166 48 0 1
167 48 0 1
168 48 0 1
169 48 0 1
170 48 0 1
171 48 0 1
172 48 0 1
173 48 0 1
174 48 0 1
175 48 0 1
176 48 0 1
177 48 0 1
178 48 0 1
179 48 0 1
180 48 0 1
181 48 0 1
182 48 0 1
183 48 0 2
184 48 0 2
185 48 0 2
186 48 0 2
187 48 0 2
188 48 0 2
189 48 0 2
190 48 0 2
191 48 0 2
158 49 0 1
159 49 0 1
160 49 0 1
161 49 0 1
162 49 0 1
163 49 0 1
164 49 0 1
165 49 0 1
166 49 0 1
167 49 0 1
168 49 0 1
169 49 0 1
170 49 0 1
171 49 0 1
172 49 0 1
173 49 0 1
174 49 0 1
175 49 0 1
176 49 0 1
177 49 0 1
178 49 0 1
179 49 0 1
180 49 0 1
181 49 0 2
182 49 0 2
183 49 0 2
184 49 0 2
185 49 0 2
186 49 0 2
187 49 0 2
188 49 0 2
189 49 0 2
190 49 0 2
191 49 0 2
192 49 0 2
157 50 0 1
158 50 0 1
159 50 0 1
160 50 0 1
161 50 0 1
162 50 0 1
163 50 0 1
164 50 0 1
165 50 0 1
166 50 0 1
167 50 0 1
168 50 0 1
169 50 0 1
170 50 0 1
171 50 0 1
172 50 0 1
173 50 0 1
174 50 0 1
175 50 0 1
176 50 0 1
177 50 0 1
178 50 0 1
179 50 0 2
180 50 0 2
181 50 0 2
182 50 0 2
183 50 0 2
184 50 0 2
185 50 0 2
186 50 0 2
187 50 0 2
188 50 0 2
189 50 0 2
190 50 0 2
191 50 0 2
192 50 0 2
193 50 0 2
156 51 0 2
157 51 0 2
158 51 0 2
159 51 0 2
160 51 0 1
161 51 0 1
162 51 0 1
163 51 0 1
164 51 0 1
165 51 0 1
166 51 0 1
167 51 0 1
168 51 0 1
169 51 0 1
170 51 0 1
171 51 0 1
172 51 0 1
173 51 0 1
174 51 0 1
175 51 0 1
176 51 0 1
177 51 0 1
178 51 0 1
179 51 0 2
180 51 0 2
181 51 0 2
182 51 0 2
183 51 0 2
184 51 0 2
185 51 0 2
186 51 0 2
187 51 0 2
188 51 0 2
189 51 0 2
190 51 0 2
191 51 0 2
192 51 0 2
193 51 0 2
194 51 0 2
155 52 0 2
156 52 0 2
157 52 0 2
158 52 0 2
159 52 0 2
160 52 0 2
161 52 0 1
162 52 0 1
163 52 0 1
164 52 0 1
165 52 0 1
166 52 0 1
167 52 0 1
168 52 0 1
169 52 0 1
170 52 0 1
171 52 0 1
172 52 0 1
173 52 0 1
174 52 0 1
175 52 0 1
176 52 0 1
177 52 0 2
178 52 0 2
179 52 0 2
180 52 0 2
181 52 0 2
182 52 0 2
183 52 0 2
184 52 0 2
185 52 0 2
186 52 0 2
187 52 0 2
188 52 0 2
189 52 0 1
190 52 0 1
191 52 0 1
192 52 0 1
193 52 0 2
194 52 0 2
195 52 0 2
155 53 0 2
156 53 0 2
157 53 0 2
158 53 0 2
159 53 0 2
160 53 0 2
161 53 0 2
162 53 0 1
163 53 0 1
164 53 0 1
165 53 0 1
166 53 0 1
167 53 0 1
168 53 0 1
169 53 0 1
170 53 0 1
171 53 0 1
172 53 0 1
173 53 0 1
174 53 0 1
175 53 0 1
176 53 0 1
177 53 0 2
178 53 0 2
179 53 0 2
180 53 0 2
181 53 0 2
182 53 0 2
183 53 0 2
184 53 0 2
185 53 0 2
186 53 0 2
187 53 0 2
188 53 0 1
189 53 0 1
190 53 0 1
191 53 0 1
192 53 0 1
193 53 0 1
194 53 0 1
195 53 0 1
154 54 0 2
155 54 0 2
156 54 0 2
157 54 0 2
158 54 0 2
159 54 0 2
160 54 0 2
161 54 0 2
162 54 0 2
163 54 0 1
164 54 0 1
165 54 0 1
166 54 0 1
167 54 0 1
168 54 0 1
169 54 0 1
170 54 0 1
171 54 0 1
172 54 0 1
173 54 0 2
174 54 0 2
175 54 0 2
176 54 0 2
177 54 0 2
178 54 0 2
179 54 0 2
180 54 0 2
181 54 0 2
182 54 0 2
183 54 0 2
184 54 0 2
185 54 0 1
186 54 0 1
187 54 0 1
188 54 0 1
189 54 0 1
190 54 0 1
191 54 0 1
192 54 0 1
193 54 0 1
194 54 0 1
195 54 0 1
196 54 0 1
154 55 0 2
155 55 0 2
156 55 0 2
157 55 0 2
158 55 0 2
159 55 0 2
160 55 0 2
161 55 0 2
162 55 0 2
163 55 0 2
164 55 0 2
165 55 0 2
166 55 0 1
167 55 0 1
168 55 0 1
169 55 0 1
170 55 0 1
171 55 0 2
172 55 0 2
173 55 0 2
174 55 0 2
175 55 0 2
176 55 0 2
177 55 0 2
178 55 0 2
179 55 0 2
180 55 0 2
181 55 0 2
182 55 0 2
183 55 0 2
184 55 0 1
185 55 0 1
186 55 0 1
187 55 0 1
188 55 0 1
189 55 0 1
190 55 0 1
191 55 0 1
192 55 0 1
193 55 0 1
194 55 0 1
195 55 0 1
196 55 0 1
153 56 0 1
154 56 0 1
155 56 0 2
156 56 0 2
157 56 0 2
158 56 0 2
159 56 0 2
160 56 0 2
161 56 0 2
162 56 0 2
163 56 0 2
164 56 0 2
165 56 0 2
166 56 0 2
167 56 0 2
168 56 0 2
169 56 0 2
170 56 0 2
171 56 0 2
172 56 0 2
173 56 0 2
174 56 0 2
175 56 0 2
176 56 0 2
177 56 0 2
178 56 0 2
179 56 0 2
180 56 0 2
181 56 0 2
182 56 0 2
183 56 0 2
184 56 0 1
185 56 0 1
186 56 0 1
187 56 0 1
188 56 0 1
189 56 0 1
190 56 0 1
191 56 0 1
192 56 0 1
193 56 0 1
194 56 0 1
195 56 0 1
196 56 0 1
197 56 0 1
153 57 0 1
154 57 0 1
155 57 0 1
156 57 0 2
157 57 0 2
158 57 0 2
159 57 0 2
160 57 0 2
161 57 0 2
162 57 0 2
163 57 0 2
164 57 0 2
165 57 0 2
166 57 0 2
167 57 0 2
168 57 0 2
169 57 0 2
170 57 0 2
171 57 0 2
172 57 0 2
173 57 0 2
174 57 0 2
175 57 0 2
176 57 0 2
177 57 0 2
178 57 0 2
179 57 0 2
180 57 0 2
181 57 0 2
182 57 0 1
183 57 0 1
184 57 0 1
185 57 0 1
186 57 0 1
187 57 0 1
188 57 0 1
189 57 0 1
190 57 0 1
191 57 0 1
192 57 0 1
193 57 0 1
194 57 0 1
195 57 0 1
196 57 0 1
197 57 0 1
152 58 0 1
153 58 0 1
154 58 0 1
155 58 0 1
156 58 0 2
157 58 0 2
158 58 0 2
159 58 0 2
160 58 0 2
161 58 0 2
162 58 0 2
163 58 0 2
164 58 0 2
165 58 0 2
166 58 0 2
167 58 0 2
168 58 0 2
169 58 0 2
170 58 0 2
171 58 0 2
172 58 0 2
173 58 0 2
174 58 0 2
175 58 0 2
176 58 0 2
177 58 0 2
178 58 0 2
179 58 0 2
180 58 0 1
181 58 0 1
182 58 0 1
183 58 0 1
184 58 0 1
185 58 0 1
186 58 0 1
187 58 0 1
188 58 0 1
189 58 0 1
190 58 0 1
191 58 0 1
192 58 0 1
193 58 0 1
194 58 0 1
195 58 0 1
196 58 0 1
197 58 0 1
198 58 0 1
152 59 0 1
153 59 0 2
154 59 0 2
155 59 0 2
156 59 0 2
157 59 0 2
158 59 0 2
159 59 0 2
160 59 0 2
161 59 0 2
162 59 0 2
163 59 0 2
164 59 0 2
165 59 0 2
166 59 0 2
167 59 0 2
168 59 0 2
169 59 0 2
170 59 0 2
171 59 0 2
172 59 0 2
173 59 0 2
174 59 0 2
175 59 0 2
176 59 0 2
177 59 0 2
178 59 0 2
179 59 0 2
180 59 0 1
181 59 0 1
182 59 0 1
183 59 0 1
184 59 0 1
185 59 0 1
186 59 0 1
187 59 0 1
188 59 0 1
189 59 0 1
190 59 0 1
191 59 0 1
192 59 0 1
193 59 0 1
194 59 0 1
195 59 0 1
196 59 0 1
197 59 0 1
198 59 0 1
151 60 0 2
152 60 0 2
153 60 0 2
154 60 0 2
155 60 0 2
156 60 0 2
157 60 0 2
158 60 0 2
159 60 0 2
160 60 0 2
161 60 0 2
162 60 0 2
163 60 0 2
164 60 0 2
165 60 0 2
166 60 0 2
167 60 0 2
168 60 0 2
169 60 0 2
170 60 0 2
171 60 0 2
172 60 0 2
173 60 0 2
174 60 0 2
175 60 0 2
176 60 0 2
177 60 0 2
178 60 0 2
179 60 0 1
180 60 0 1
181 60 0 1
182 60 0 1
183 60 0 1
184 60 0 1
185 60 0 1
186 60 0 1
187 60 0 1
188 60 0 1
189 60 0 1
190 60 0 1
191 60 0 1
192 60 0 1
193 60 0 1
194 60 0 1
195 60 0 1
196 60 0 1
197 60 0 1
198 60 0 1
199 60 0 1
151 61 0 2
152 61 0 2
153 61 0 2
154 61 0 2
155 61 0 2
156 61 0 2
157 61 0 2
158 61 0 2
159 61 0 2
160 61 0 2
161 61 0 2
162 61 0 2
163 61 0 2
164 61 0 2
165 61 0 2
166 61 0 2
167 61 0 2
168 61 0 2
169 61 0 2
170 61 0 2
171 61 0 2
172 61 0 2
173 61 0 2
174 61 0 2
175 61 0 2
176 61 0 2
177 61 0 2
178 61 0 2
179 61 0 1
180 61 0 1
181 61 0 1
182 61 0 1
183 61 0 1
184 61 0 1
185 61 0 1
186 61 0 1
187 61 0 1
188 61 0 1
189 61 0 1
190 61 0 1
191 61 0 1
192 61 0 1
193 61 0 1
194 61 0 1
195 61 0 1
196 61 0 1
197 61 0 1
198 61 0 1
199 61 0 1
151 62 0 2
152 62 0 2
153 62 0 2
154 62 0 2
155 62 0 2
156 62 0 2
157 62 0 2
158 62 0 2
159 62 0 2
160 62 0 2
161 62 0 2
162 62 0 2
163 62 0 2
164 62 0 2
165 62 0 2
166 62 0 2
167 62 0 2
168 62 0 2
169 62 0 2
170 62 0 2
171 62 0 2
172 62 0 2
173 62 0 2
174 62 0 2
175 62 0 2
176 62 0 1
177 62 0 1
178 62 0 1
179 62 0 1
180 62 0 1
181 62 0 1
182 62 0 1
183 62 0 1
184 62 0 1
185 62 0 1
186 62 0 1
187 62 0 1
188 62 0 1
189 62 0 1
190 62 0 1
191 62 0 1
192 62 0 1
193 62 0 1
194 62 0 1
195 62 0 1
196 62 0 1
197 62 0 1
198 62 0 1
199 62 0 1
151 63 0 2
152 63 0 2
153 63 0 2
154 63 0 2
155 63 0 2
156 63 0 2
157 63 0 2
158 63 0 2
159 63 0 2
160 63 0 2
161 63 0 2
162 63 0 2
163 63 0 2
164 63 0 2
165 63 0 2
166 63 0 2
167 63 0 2
168 63 0 2
169 63 0 2
170 63 0 2
171 63 0 2
172 63 0 2
173 63 0 2
174 63 0 1
175 63 0 1
176 63 0 1
177 63 0 1
178 63 0 1
179 63 0 1
180 63 0 1
181 63 0 1
182 63 0 1
183 63 0 1
184 63 0 1
185 63 0 1
186 63 0 1
187 63 0 1
188 63 0 1
189 63 0 1
190 63 0 1
191 63 0 1
192 63 0 1
193 63 0 1
194 63 0 1
195 63 0 1
196 63 0 1
197 63 0 1
198 63 0 1
199 63 0 1
151 64 0 2
152 64 0 2
153 64 0 2
154 64 0 2
155 64 0 2
156 64 0 2
157 64 0 2
158 64 0 2
159 64 0 2
160 64 0 2
161 64 0 1
162 64 0 1
163 64 0 1
164 64 0 1
165 64 0 1
166 64 0 1
167 64 0 1
168 64 0 1
169 64 0 1
170 64 0 1
171 64 0 1
172 64 0 1
173 64 0 1
174 64 0 1
175 64 0 1
176 64 0 1
177 64 0 1
178 64 0 1
179 64 0 1
180 64 0 1
181 64 0 1
182 64 0 1
183 64 0 1
184 64 0 1
185 64 0 1
186 64 0 1
187 64 0 1
188 64 0 1
189 64 0 1
190 64 0 1
191 64 0 1
192 64 0 1
193 64 0 1
194 64 0 1
195 64 0 1
196 64 0 1
197 64 0 1
198 64 0 1
199 64 0 1
151 65 0 2
152 65 0 2
153 65 0 2
154 65 0 2
155 65 0 2
156 65 0 2
157 65 0 1
158 65 0 1
159 65 0 2
160 65 0 1
161 65 0 1
162 65 0 1
163 65 0 1
164 65 0 1
165 65 0 1
166 65 0 1
167 65 0 1
168 65 0 1
169 65 0 1
170 65 0 1
171 65 0 1
172 65 0 1
173 65 0 1
174 65 0 1
175 65 0 1
176 65 0 1
177 65 0 1
178 65 0 1
179 65 0 1
180 65 0 1
181 65 0 1
182 65 0 1
183 65 0 1
184 65 0 1
185 65 0 1
186 65 0 1
187 65 0 1
188 65 0 1
189 65 0 1
190 65 0 1
191 65 0 1
192 65 0 1
193 65 0 1
194 65 0 1
195 65 0 1
196 65 0 1
197 65 0 1
198 65 0 1
199 65 0 1
151 66 0 2
152 66 0 2
153 66 0 1
154 66 0 1
155 66 0 1
156 66 0 1
157 66 0 1
158 66 0 1
159 66 0 1
160 66 0 1
161 66 0 1
162 66 0 1
163 66 0 1
164 66 0 1
165 66 0 1
166 66 0 1
167 66 0 1
168 66 0 1
169 66 0 1
170 66 0 1
171 66 0 1
172 66 0 1
173 66 0 1
174 66 0 1
175 66 0 1
176 66 0 1
177 66 0 1
178 66 0 1
179 66 0 1
180 66 0 1
181 66 0 1
182 66 0 1
183 66 0 1
184 66 0 1
185 66 0 1
186 66 0 1
187 66 0 1
188 66 0 1
189 66 0 1
190 66 0 1
191 66 0 1
192 66 0 1
193 66 0 1
194 66 0 1
195 66 0 1
196 66 0 1
197 66 0 1
198 66 0 1
199 66 0 1
150 67 0 2
151 67 0 1
152 67 0 1
153 67 0 1
154 67 0 1
155 67 0 1
156 67 0 1
157 67 0 1
158 67 0 1
159 67 0 1
160 67 0 1
161 67 0 1
162 67 0 1
163 67 0 1
164 67 0 1
165 67 0 1
166 67 0 1
167 67 0 1
168 67 0 1
169 67 0 1
170 67 0 1
171 67 0 1
172 67 0 1
173 67 0 1
174 67 0 1
175 67 0 1
176 67 0 1
177 67 0 1
178 67 0 1
179 67 0 1
180 67 0 1
181 67 0 1
182 67 0 1
183 67 0 1
184 67 0 1
185 67 0 1
186 67 0 1
187 67 0 1
188 67 0 1
189 67 0 1
190 67 0 1
191 67 0 1
192 67 0 1
193 67 0 1
194 67 0 1
195 67 0 1
196 67 0 1
197 67 0 1
198 67 0 1
199 67 0 1
200 67 0 1
151 68 0 1
152 68 0 1
153 68 0 1
154 68 0 1
155 68 0 1
156 68 0 1
157 68 0 1
158 68 0 1
159 68 0 1
160 68 0 1
161 68 0 1
162 68 0 1
163 68 0 1
164 68 0 1
165 68 0 1
166 68 0 1
167 68 0 1
168 68 0 1
169 68 0 1
170 68 0 1
171 68 0 1
172 68 0 1
173 68 0 1
174 68 0 1
175 68 0 1
176 68 0 1
177 68 0 1
178 68 0 1
179 68 0 1
180 68 0 1
181 68 0 1
182 68 0 1
183 68 0 1
184 68 0 1
185 68 0 1
186 68 0 1
187 68 0 1
188 68 0 1
189 68 0 1
190 68 0 1
191 68 0 1
192 68 0 1
193 68 0 1
194 68 0 1
195 68 0 1
196 68 0 1
197 68 0 1
198 68 0 1
199 68 0 1
151 69 0 1
152 69 0 1
153 69 0 1
154 69 0 1
155 69 0 1
156 69 0 1
157 69 0 1
158 69 0 1
159 69 0 1
160 69 0 1
161 69 0 1
162 69 0 1
163 69 0 1
164 69 0 1
165 69 0 1
166 69 0 1
167 69 0 1
168 69 0 1
169 69 0 1
170 69 0 1
171 69 0 1
172 69 0 1
173 69 0 1
174 69 0 1
175 69 0 1
176 69 0 1
177 69 0 1
178 69 0 1
179 69 0 1
180 69 0 1
181 69 0 1
182 69 0 1
183 69 0 1
184 69 0 1
185 69 0 1
186 69 0 1
187 69 0 1
188 69 0 1
189 69 0 1
190 69 0 1
191 69 0 1
192 69 0 1
193 69 0 1
194 69 0 1
195 69 0 1
196 69 0 1
197 69 0 1
198 69 0 1
199 69 0 1
151 70 0 1
152 70 0 1
153 70 0 1
154 70 0 1
155 70 0 1
156 70 0 1
157 70 0 1
158 70 0 1
159 70 0 1
160 70 0 1
161 70 0 1
162 70 0 1
163 70 0 1
164 70 0 1
165 70 0 1
166 70 0 1
167 70 0 1
168 70 0 1
169 70 0 1
170 70 0 1
171 70 0 1
172 70 0 1
173 70 0 1
174 70 0 1
175 70 0 1
176 70 0 1
177 70 0 1
178 70 0 1
179 70 0 1
180 70 0 1
181 70 0 1
182 70 0 1
183 70 0 1
184 70 0 1
185 70 0 1
186 70 0 1
187 70 0 1
188 70 0 1
189 70 0 1
190 70 0 1
191 70 0 1
192 70 0 1
193 70 0 1
194 70 0 1
195 70 0 1
196 70 0 1
197 70 0 1
198 70 0 1
199 70 0 1
151 71 0 1
152 71 0 1
153 71 0 1
154 71 0 1
155 71 0 1
156 71 0 1
157 71 0 1
158 71 0 1
159 71 0 1
160 71 0 1
161 71 0 1
162 71 0 1
163 71 0 1
164 71 0 1
165 71 0 1
166 71 0 1
167 71 0 1
168 71 0 1
169 71 0 1
170 71 0 1
171 71 0 1
172 71 0 1
173 71 0 1
174 71 0 1
175 71 0 1
176 71 0 1
177 71 0 1
178 71 0 1
179 71 0 1
180 71 0 1
181 71 0 1
182 71 0 1
183 71 0 1
184 71 0 1
185 71 0 1
186 71 0 1
187 71 0 1
188 71 0 1
189 71 0 1
190 71 0 1
191 71 0 1
192 71 0 1
193 71 0 1
194 71 0 1
195 71 0 1
196 71 0 1
197 71 0 1
198 71 0 1
199 71 0 1
151 72 0 1
152 72 0 1
153 72 0 1
154 72 0 1
155 72 0 1
156 72 0 1
157 72 0 1
158 72 0 1
159 72 0 1
160 72 0 1
161 72 0 1
162 72 0 1
163 72 0 1
164 72 0 1
165 72 0 1
166 72 0 1
167 72 0 1
168 72 0 1
169 72 0 1
170 72 0 1
171 72 0 1
172 72 0 1
173 72 0 1
174 72 0 1
175 72 0 1
176 72 0 1
177 72 0 1
178 72 0 1
179 72 0 1
180 72 0 1
181 72 0 1
182 72 0 1
183 72 0 1
184 72 0 1
185 72 0 1
186 72 0 1
187 72 0 1
188 72 0 1
189 72 0 1
190 72 0 1
191 72 0 1
192 72 0 1
193 72 0 1
194 72 0 1
195 72 0 1
196 72 0 1
197 72 0 1
198 72 0 1
199 72 0 1
151 73 0 1
152 73 0 1
153 73 0 1
154 73 0 1
155 73 0 1
156 73 0 1
157 73 0 1
158 73 0 1
159 73 0 1
160 73 0 1
161 73 0 1
162 73 0 1
163 73 0 1
164 73 0 1
165 73 0 1
166 73 0 1
167 73 0 1
168 73 0 1
169 73 0 1
170 73 0 1
171 73 0 1
172 73 0 1
173 73 0 1
174 73 0 1
175 73 0 1
176 73 0 1
177 73 0 1
178 73 0 1
179 73 0 1
180 73 0 1
181 73 0 1
182 73 0 1
183 73 0 1
184 73 0 1
185 73 0 1
186 73 0 1
187 73 0 1
188 73 0 1
189 73 0 1
190 73 0 1
191 73 0 1
192 73 0 1
193 73 0 1
194 73 0 1
195 73 0 1
196 73 0 1
197 73 0 1
198 73 0 1
199 73 0 1
151 74 0 1
152 74 0 1
153 74 0 1
154 74 0 1
155 74 0 1
156 74 0 1
157 74 0 1
158 74 0 1
159 74 0 1
160 74 0 1
161 74 0 1
162 74 0 1
163 74 0 1
164 74 0 1
165 74 0 1
166 74 0 1
167 74 0 1
168 74 0 1
169 74 0 1
170 74 0 1
171 74 0 1
172 74 0 1
173 74 0 1
174 74 0 1
175 74 0 1
176 74 0 1
177 74 0 1
178 74 0 1
179 74 0 1
180 74 0 1
181 74 0 1
182 74 0 1
183 74 0 1
184 74 0 1
185 74 0 1
186 74 0 1
187 74 0 1
188 74 0 1
189 74 0 1
190 74 0 1
191 74 0 1
192 74 0 1
193 74 0 1
194 74 0 1
195 74 0 1
196 74 0 1
197 74 0 1
198 74 0 1
199 74 0 1
152 75 0 1
153 75 0 1
154 75 0 1
155 75 0 1
156 75 0 1
157 75 0 1
158 75 0 1
159 75 0 1
160 75 0 1
161 75 0 1
162 75 0 1
163 75 0 1
164 75 0 1
165 75 0 1
166 75 0 1
167 75 0 1
168 75 0 1
169 75 0 1
170 75 0 1
171 75 0 1
172 75 0 1
173 75 0 1
174 75 0 1
175 75 0 1
176 75 0 1
177 75 0 1
178 75 0 1
179 75 0 1
180 75 0 1
181 75 0 1
182 75 0 1
183 75 0 1
184 75 0 1
185 75 0 1
186 75 0 1
187 75 0 1
188 75 0 1
189 75 0 1
190 75 0 1
191 75 0 1
192 75 0 1
193 75 0 1
194 75 0 1
195 75 0 1
196 75 0 1
197 75 0 1
198 75 0 1
152 76 0 1
153 76 0 1
154 76 0 1
155 76 0 1
156 76 0 1
157 76 0 1
158 76 0 1
159 76 0 1
160 76 0 1
161 76 0 1
162 76 0 1
163 76 0 1
164 76 0 1
165 76 0 1
166 76 0 1
167 76 0 1
168 76 0 1
169 76 0 1
170 76 0 1
171 76 0 1
172 76 0 1
173 76 0 1
174 76 0 1
175 76 0 1
176 76 0 1
177 76 0 1
178 76 0 1
179 76 0 1
180 76 0 1
181 76 0 1
182 76 0 1
183 76 0 1
184 76 0 1
185 76 0 1
186 76 0 1
187 76 0 1
188 76 0 1
189 76 0 1
190 76 0 1
191 76 0 1
192 76 0 1
193 76 0 1
194 76 0 1
195 76 0 1
196 76 0 1
197 76 0 1
198 76 0 1
153 77 0 1
154 77 0 1
155 77 0 1
156 77 0 1
157 77 0 1
158 77 0 1
159 77 0 1
160 77 0 1
161 77 0 1
162 77 0 1
163 77 0 1
164 77 0 1
165 77 0 1
166 77 0 1
167 77 0 1
168 77 0 1
169 77 0 1
170 77 0 1
171 77 0 1
172 77 0 1
173 77 0 1
174 77 0 1
175 77 0 1
176 77 0 1
177 77 0 1
178 77 0 1
179 77 0 1
180 77 0 1
181 77 0 1
182 77 0 1
183 77 0 1
184 77 0 1
185 77 0 1
186 77 0 1
187 77 0 1
188 77 0 1
189 77 0 1
190 77 0 1
191 77 0 1
192 77 0 1
193 77 0 1
194 77 0 1
195 77 0 1
196 77 0 1
197 77 0 1
153 78 0 1
154 78 0 1
155 78 0 1
156 78 0 1
157 78 0 1
158 78 0 1
159 78 0 1
160 78 0 1
161 78 0 1
162 78 0 1
163 78 0 1
164 78 0 1
165 78 0 1
166 78 0 1
167 78 0 1
168 78 0 1
169 78 0 1
170 78 0 1
171 78 0 1
172 78 0 1
173 78 0 1
174 78 0 1
175 78 0 1
176 78 0 1
177 78 0 1
178 78 0 1
179 78 0 1
180 78 0 1
181 78 0 1
182 78 0 1
183 78 0 1
184 78 0 1
185 78 0 1
186 78 0 1
187 78 0 1
188 78 0 1
189 78 0 1
190 78 0 1
191 78 0 1
192 78 0 1
193 78 0 1
194 78 0 1
195 78 0 1
196 78 0 1
197 78 0 2
154 79 0 1
155 79 0 1
156 79 0 1
157 79 0 1
158 79 0 1
159 79 0 1
160 79 0 1
161 79 0 1
162 79 0 1
163 79 0 1
164 79 0 1
165 79 0 1
166 79 0 1
167 79 0 1
168 79 0 1
169 79 0 1
170 79 0 1
171 79 0 1
172 79 0 1
173 79 0 1
174 79 0 1
175 79 0 1
176 79 0 1
177 79 0 1
178 79 0 1
179 79 0 1
180 79 0 1
181 79 0 1
182 79 0 1
183 79 0 1
184 79 0 1
185 79 0 1
186 79 0 1
187 79 0 1
188 79 0 1
189 79 0 1
190 79 0 1
191 79 0 1
192 79 0 1
193 79 0 1
194 79 0 1
195 79 0 1
196 79 0 2
154 80 0 1
155 80 0 1
156 80 0 1
157 80 0 1
158 80 0 1
159 80 0 1
160 80 0 1
161 80 0 1
162 80 0 1
163 80 0 1
164 80 0 1
165 80 0 1
166 80 0 1
167 80 0 1
168 80 0 1
169 80 0 1
170 80 0 1
171 80 0 1
172 80 0 1
173 80 0 1
174 80 0 1
175 80 0 1
176 80 0 1
177 80 0 1
178 80 0 1
179 80 0 1
180 80 0 1
181 80 0 1
182 80 0 1
183 80 0 1
184 80 0 1
185 80 0 1
186 80 0 1
187 80 0 1
188 80 0 1
189 80 0 1
190 80 0 1
191 80 0 1
192 80 0 1
193 80 0 2
194 80 0 2
195 80 0 2
196 80 0 2
155 81 0 1
156 81 0 1
157 81 0 1
158 81 0 1
159 81 0 1
160 81 0 1
161 81 0 1
162 81 0 1
163 81 0 1
164 81 0 1
165 81 0 1
166 81 0 1
167 81 0 1
168 81 0 1
169 81 0 1
170 81 0 1
171 81 0 1
172 81 0 1
173 81 0 1
174 81 0 1
175 81 0 1
176 81 0 1
177 81 0 1
178 81 0 1
179 81 0 1
180 81 0 1
181 81 0 1
182 81 0 1
183 81 0 1
184 81 0 1
185 81 0 1
186 81 0 1
187 81 0 1
188 81 0 1
189 81 0 1
190 81 0 1
191 81 0 1
192 81 0 2
193 81 0 2
194 81 0 2
195 81 0 2
155 82 0 1
156 82 0 1
157 82 0 1
158 82 0 1
159 82 0 1
160 82 0 1
161 82 0 1
162 82 0 1
163 82 0 1
164 82 0 1
165 82 0 1
166 82 0 1
167 82 0 1
168 82 0 1
169 82 0 1
170 82 0 1
171 82 0 1
172 82 0 1
173 82 0 1
174 82 0 1
175 82 0 1
176 82 0 1
177 82 0 1
178 82 0 1
179 82 0 1
180 82 0 1
181 82 0 1
182 82 0 1
183 82 0 1
184 82 0 1
185 82 0 1
186 82 0 1
187 82 0 1
188 82 0 1
189 82 0 1
190 82 0 2
191 82 0 2
192 82 0 2
193 82 0 2
194 82 0 2
195 82 0 2
156 83 0 1
157 83 0 1
158 83 0 1
159 83 0 1
160 83 0 1
161 83 0 1
162 83 0 1
163 83 0 1
164 83 0 1
165 83 0 1
166 83 0 1
167 83 0 1
168 83 0 1
169 83 0 1
170 83 0 1
171 83 0 1
172 83 0 1
173 83 0 1
174 83 0 1
175 83 0 1
176 83 0 1
177 83 0 1
178 83 0 1
179 83 0 1
180 83 0 1
181 83 0 1
182 83 0 1
183 83 0 1
184 83 0 1
185 83 0 2
186 83 0 2
187 83 0 2
188 83 0 2
189 83 0 2
190 83 0 2
191 83 0 2
192 83 0 2
193 83 0 2
194 83 0 2
157 84 0 1
158 84 0 1
159 84 0 1
160 84 0 1
161 84 0 1
162 84 0 1
163 84 0 1
164 84 0 1
165 84 0 1
166 84 0 1
167 84 0 1
168 84 0 1
169 84 0 1
170 84 0 1
171 84 0 1
172 84 0 1
173 84 0 1
174 84 0 1
175 84 0 1
176 84 0 1
177 84 0 1
178 84 0 1
179 84 0 1
180 84 0 1
181 84 0 1
182 84 0 1
183 84 0 2
184 84 0 2
185 84 0 2
186 84 0 2
187 84 0 2
188 84 0 2
189 84 0 2
190 84 0 2
191 84 0 2
192 84 0 2
193 84 0 2
158 85 0 1
159 85 0 1
160 85 0 1
161 85 0 1
162 85 0 1
163 85 0 1
164 85 0 1
165 85 0 1
166 85 0 1
167 85 0 1
168 85 0 1
169 85 0 1
170 85 0 1
171 85 0 1
172 85 0 1
173 85 0 1
174 85 0 1
175 85 0 1
176 85 0 1
177 85 0 1
178 85 0 1
179 85 0 1
180 85 0 2
181 85 0 2
182 85 0 2
183 85 0 2
184 85 0 2
185 85 0 2
186 85 0 2
187 85 0 2
188 85 0 2
189 85 0 2
190 85 0 2
191 85 0 2
192 85 0 2
159 86 0 1
160 86 0 1
161 86 0 1
162 86 0 1
163 86 0 1
164 86 0 1
165 86 0 1
166 86 0 1
167 86 0 1
168 86 0 1
169 86 0 1
170 86 0 1
171 86 0 1
172 86 0 1
173 86 0 1
174 86 0 1
175 86 0 1
176 86 0 1
177 86 0 1
178 86 0 1
179 86 0 1
180 86 0 2
181 86 0 2
182 86 0 2
183 86 0 2
184 86 0 2
185 86 0 2
186 86 0 2
187 86 0 2
188 86 0 2
189 86 0 2
190 86 0 2
191 86 0 2
160 87 0 1
161 87 0 1
162 87 0 1
163 87 0 1
164 87 0 1
165 87 0 1
166 87 0 1
167 87 0 1
168 87 0 1
169 87 0 1
170 87 0 1
171 87 0 1
172 87 0 1
173 87 0 1
174 87 0 1
175 87 0 1
176 87 0 1
177 87 0 1
178 87 0 2
179 87 0 2
180 87 0 2
181 87 0 2
182 87 0 2
183 87 0 2
184 87 0 2
185 87 0 2
186 87 0 2
187 87 0 2
188 87 0 2
189 87 0 2
190 87 0 2
162 88 0 1
163 88 0 1
164 88 0 1
165 88 0 1
166 88 0 1
167 88 0 1
168 88 0 1
169 88 0 1
170 88 0 1
171 88 0 1
172 88 0 1
173 88 0 1
174 88 0 1
175 88 0 2
176 88 0 2
177 88 0 2
178 88 0 2
179 88 0 2
180 88 0 2
181 88 0 2
182 88 0 2
183 88 0 2
184 88 0 2
185 88 0 2
186 88 0 2
187 88 0 2
188 88 0 2
164 89 0 1
165 89 0 1
166 89 0 1
167 89 0 1
168 89 0 1
169 89 0 1
170 89 0 1
171 89 0 1
172 89 0 1
173 89 0 1
174 89 0 2
175 89 0 2
176 89 0 2
177 89 0 2
178 89 0 2
179 89 0 2
180 89 0 2
181 89 0 2
182 89 0 2
183 89 0 2
184 89 0 2
185 89 0 2
186 89 0 2
166 90 0 1
167 90 0 1
168 90 0 1
169 90 0 1
170 90 0 1
171 90 0 1
172 90 0 2
173 90 0 2
174 90 0 2
175 90 0 2
176 90 0 2
177 90 0 2
178 90 0 2
179 90 0 2
180 90 0 2
181 90 0 2
182 90 0 2
183 90 0 2
184 90 0 2
168 91 0 1
169 91 0 1
170 91 0 2
171 91 0 2
172 91 0 2
173 91 0 2
174 91 0 2
175 91 0 2
176 91 0 2
177 91 0 2
178 91 0 2
179 91 0 2
180 91 0 2
181 91 0 2
182 91 0 2
175 92 0 2
143 177 0 1
136 178 0 1
137 178 0 1
138 178 0 1
139 178 0 1
140 178 0 1
141 178 0 1
142 178 0 1
143 178 0 1
144 178 0 1
145 178 0 1
146 178 0 1
147 178 0 1
148 178 0 1
149 178 0 1
150 178 0 1
134 179 0 1
135 179 0 1
136 179 0 1
137 179 0 1
138 179 0 1
139 179 0 1
140 179 0 1
141 179 0 1
142 179 0 1
143 179 0 1
144 179 0 1
145 179 0 1
146 179 0 1
147 179 0 1
148 179 0 1
149 179 0 1
150 179 0 1
151 179 0 1
152 179 0 1
132 180 0 1
133 180 0 1
134 180 0 1
135 180 0 1
136 180 0 1
137 180 0 1
138 180 0 1
139 180 0 1
140 180 0 1
141 180 0 1
142 180 0 1
143 180 0 1
144 180 0 1
145 180 0 1
146 180 0 1
147 180 0 1
148 180 0 1
149 180 0 1
150 180 0 1
151 180 0 1
152 180 0 1
153 180 0 2
154 180 0 2
130 181 0 1
131 181 0 1
132 181 0 1
133 181 0 1
134 181 0 1
135 181 0 1
136 181 0 1
137 181 0 1
138 181 0 1
139 181 0 1
140 181 0 1
141 181 0 1
142 181 0 1
143 181 0 1
144 181 0 1
145 181 0 1
146 181 0 1
147 181 0 1
148 181 0 1
149 181 0 1
150 181 0 1
151 181 0 2
152 181 0 2
153 181 0 2
154 181 0 2
155 181 0 2
156 181 0 2
128 182 0 1
129 182 0 1
130 182 0 1
131 182 0 1
132 182 0 1
133 182 0 1
134 182 0 1
135 182 0 1
136 182 0 1
137 182 0 1
138 182 0 1
139 182 0 1
140 182 0 1
141 182 0 1
142 182 0 1
143 182 0 1
144 182 0 1
145 182 0 1
146 182 0 1
147 182 0 1
148 182 0 2
149 182 0 2
150 182 0 2
151 182 0 2
152 182 0 2
153 182 0 2
154 182 0 2
155 182 0 2
156 182 0 2
157 182 0 2
158 182 0 2
127 183 0 1
128 183 0 1
129 183 0 1
130 183 0 1
131 183 0 1
132 183 0 1
133 183 0 1
134 183 0 1
135 183 0 1
136 183 0 1
137 183 0 1
138 183 0 1
139 183 0 1
140 183 0 1
141 183 0 1
142 183 0 1
143 183 0 1
144 183 0 1
145 183 0 1
146 183 0 1
147 183 0 2
148 183 0 2
149 183 0 2
150 183 0 2
151 183 0 2
152 183 0 2
153 183 0 2
154 183 0 2
155 183 0 2
156 183 0 2
157 183 0 2
158 183 0 2
159 183 0 2
126 184 0 1
127 184 0 1
128 184 0 1
129 184 0 1
130 184 0 1
131 184 0 1
132 184 0 1
133 184 0 1
134 184 0 1
135 184 0 1
136 184 0 1
137 184 0 1
138 184 0 1
139 184 0 1
140 184 0 1
141 184 0 1
142 184 0 1
143 184 0 1
144 184 0 1
145 184 0 1
146 184 0 2
147 184 0 2
148 184 0 2
149 184 0 2
150 184 0 2
151 184 0 2
152 184 0 2
153 184 0 2
154 184 0 2
155 184 0 2
156 184 0 2
157 184 0 2
158 184 0 2
159 184 0 2
160 184 0 2
125 185 0 2
126 185 0 2
127 185 0 2
128 185 0 1
129 185 0 1
130 185 0 1
131 185 0 1
132 185 0 1
133 185 0 1
134 185 0 1
135 185 0 1
136 185 0 1
137 185 0 1
138 185 0 1
139 185 0 1
140 185 0 1
141 185 0 1
142 185 0 1
143 185 0 1
144 185 0 2
145 185 0 2
146 185 0 2
147 185 0 2
148 185 0 2
149 185 0 2
150 185 0 2
151 185 0 2
152 185 0 2
153 185 0 2
154 185 0 2
155 185 0 2
156 185 0 2
157 185 0 2
158 185 0 2
159 185 0 2
160 185 0 1
161 185 0 1
124 186 0 2
125 186 0 2
126 186 0 2
127 186 0 2
128 186 0 1
129 186 0 1
130 186 0 2
131 186 0 1
132 186 0 1
133 186 0 1
134 186 0 1
135 186 0 1
136 186 0 1
137 186 0 1
138 186 0 1
139 186 0 1
140 186 0 1
141 186 0 1
142 186 0 1
143 186 0 2
144 186 0 2
145 186 0 2
146 186 0 2
147 186 0 2
148 186 0 2
149 186 0 2
150 186 0 2
151 186 0 2
152 186 0 2
153 186 0 2
154 186 0 2
155 186 0 2
156 186 0 2
157 186 0 1
158 186 0 1
159 186 0 1
160 186 0 1
161 186 0 1
162 186 0 1
123 187 0 2
124 187 0 2
125 187 0 2
126 187 0 2
127 187 0 2
128 187 0 2
129 187 0 2
130 187 0 2
131 187 0 1
132 187 0 1
133 187 0 1
134 187 0 1
135 187 0 1
136 187 0 1
137 187 0 1
138 187 0 1
139 187 0 1
140 187 0 1
141 187 0 2
142 187 0 2
143 187 0 2
144 187 0 2
145 187 0 2
146 187 0 2
147 187 0 2
148 187 0 2
149 187 0 2
150 187 0 2
151 187 0 2
152 187 0 2
153 187 0 1
154 187 0 1
155 187 0 1
156 187 0 1
157 187 0 1
158 187 0 1
159 187 0 1
160 187 0 1
161 187 0 1
162 187 0 1
163 187 0 1
123 188 0 2
124 188 0 2
125 188 0 2
126 188 0 2
127 188 0 2
128 188 0 2
129 188 0 2
130 188 0 2
131 188 0 2
132 188 0 1
133 188 0 1
134 188 0 1
135 188 0 1
136 188 0 1
137 188 0 1
138 188 0 1
139 188 0 1
140 188 0 1
141 188 0 2
142 188 0 2
143 188 0 2
144 188 0 2
145 188 0 2
146 188 0 2
147 188 0 2
148 188 0 2
149 188 0 2
150 188 0 2
151 188 0 2
152 188 0 2
153 188 0 1
154 188 0 1
155 188 0 1
156 188 0 1
157 188 0 1
158 188 0 1
159 188 0 1
160 188 0 1
161 188 0 1
162 188 0 1
163 188 0 1
122 189 0 2
123 189 0 2
124 189 0 2
125 189 0 2
126 189 0 2
127 189 0 2
128 189 0 2
129 189 0 2
130 189 0 2
131 189 0 2
132 189 0 2
133 189 0 2
134 189 0 1
135 189 0 1
136 189 0 1
137 189 0 1
138 189 0 2
139 189 0 2
140 189 0 2
141 189 0 2
142 189 0 2
143 189 0 2
144 189 0 2
145 189 0 2
146 189 0 2
147 189 0 2
148 189 0 2
149 189 0 2
150 189 0 2
151 189 0 1
152 189 0 1
153 189 0 1
154 189 0 1
155 189 0 1
156 189 0 1
157 189 0 1
158 189 0 1
159 189 0 1
160 189 0 1
161 189 0 1
162 189 0 1
163 189 0 1
164 189 0 1
122 190 0 2
123 190 0 2
124 190 0 2
125 190 0 2
126 190 0 2
127 190 0 2
128 190 0 2
129 190 0 2
130 190 0 2
131 190 0 2
132 190 0 2
133 190 0 2
134 190 0 1
135 190 0 1
136 190 0 1
137 190 0 1
138 190 0 2
139 190 0 2
140 190 0 2
141 190 0 2
142 190 0 2
143 190 0 2
144 190 0 2
145 190 0 2
146 190 0 2
147 190 0 2
148 190 0 2
149 190 0 1
150 190 0 1
151 190 0 1
152 190 0 1
153 190 0 1
154 190 0 1
155 190 0 1
156 190 0 1
157 190 0 1
158 190 0 1
159 190 0 1
160 190 0 1
161 190 0 1
162 190 0 1
163 190 0 1
164 190 0 1
121 191 0 2
122 191 0 1
123 191 0 1
124 191 0 2
125 191 0 2
126 191 0 2
127 191 0 2
128 191 0 2
129 191 0 2
130 191 0 2
131 191 0 2
132 191 0 2
133 191 0 2
134 191 0 2
135 191 0 2
136 191 0 2
137 191 0 2
138 191 0 2
139 191 0 2
140 191 0 2
141 191 0 2
142 191 0 2
143 191 0 2
144 191 0 2
145 191 0 2
146 191 0 1
147 191 0 1
148 191 0 1
149 191 0 1
150 191 0 1
151 191 0 1
152 191 0 1
153 191 0 1
154 191 0 1
155 191 0 1
156 191 0 1
157 191 0 1
158 191 0 1
159 191 0 1
160 191 0 1
161 191 0 1
162 191 0 1
163 191 0 1
164 191 0 1
165 191 0 1
121 192 0 1
122 192 0 1
123 192 0 1
124 192 0 1
125 192 0 1
126 192 0 2
127 192 0 2
128 192 0 2
129 192 0 2
130 192 0 2
131 192 0 2
132 192 0 2
133 192 0 2
134 192 0 2
135 192 0 2
136 192 0 2
137 192 0 2
138 192 0 2
139 192 0 2
140 192 0 2
141 192 0 2
142 192 0 2
143 192 0 2
144 192 0 2
145 192 0 2
146 192 0 1
147 192 0 1
148 192 0 1
149 192 0 1
150 192 0 1
151 192 0 1
152 192 0 1
153 192 0 1
154 192 0 1
155 192 0 1
156 192 0 1
157 192 0 1
158 192 0 1
159 192 0 1
160 192 0 1
161 192 0 1
162 192 0 1
163 192 0 1
164 192 0 1
165 192 0 1
120 193 0 1
121 193 0 1
122 193 0 1
123 193 0 1
124 193 0 1
125 193 0 1
126 193 0 1
127 193 0 1
128 193 0 1
129 193 0 2
130 193 0 2
131 193 0 2
132 193 0 2
133 193 0 2
134 193 0 2
135 193 0 2
136 193 0 2
137 193 0 2
138 193 0 2
139 193 0 2
140 193 0 2
141 193 0 2
142 193 0 2
143 193 0 1
144 193 0 1
145 193 0 1
146 193 0 1
147 193 0 1
148 193 0 1
149 193 0 1
150 193 0 1
151 193 0 1
152 193 0 1
153 193 0 1
154 193 0 1
155 193 0 1
156 193 0 1
157 193 0 1
158 193 0 1
159 193 0 1
160 193 0 1
161 193 0 1
162 193 0 1
163 193 0 1
164 193 0 1
165 193 0 1
166 193 0 1
120 194 0 1
121 194 0 1
122 194 0 1
123 194 0 1
124 194 0 1
125 194 0 1
126 194 0 1
127 194 0 1
128 194 0 1
129 194 0 1
130 194 0 1
131 194 0 1
132 194 0 2
133 194 0 2
134 194 0 2
135 194 0 2
136 194 0 2
137 194 0 2
138 194 0 2
139 194 0 2
140 194 0 2
141 194 0 2
142 194 0 2
143 194 0 1
144 194 0 1
145 194 0 1
146 194 0 1
147 194 0 1
148 194 0 1
149 194 0 1
150 194 0 1
151 194 0 1
152 194 0 1
153 194 0 1
154 194 0 1
155 194 0 1
156 194 0 1
157 194 0 1
158 194 0 1
159 194 0 1
160 194 0 1
161 194 0 1
162 194 0 1
163 194 0 1
164 194 0 1
165 194 0 1
166 194 0 1
119 195 0 1
120 195 0 1
121 195 0 1
122 195 0 1
123 195 0 1
124 195 0 1
125 195 0 1
126 195 0 1
127 195 0 1
128 195 0 1
129 195 0 1
130 195 0 1
131 195 0 1
132 195 0 2
133 195 0 2
134 195 0 2
135 195 0 2
136 195 0 2
137 195 0 2
138 195 0 2
139 195 0 2
140 195 0 2
141 195 0 2
142 195 0 2
143 195 0 1
144 195 0 1
145 195 0 1
146 195 0 1
147 195 0 1
148 195 0 1
149 195 0 1
150 195 0 1
151 195 0 1
152 195 0 1
153 195 0 1
154 195 0 1
155 195 0 1
156 195 0 1
157 195 0 1
158 195 0 1
159 195 0 1
160 195 0 1
161 195 0 1
162 195 0 1
163 195 0 1
164 195 0 1
165 195 0 1
166 195 0 1
167 195 0 1
119 196 0 1
120 196 0 1
121 196 0 1
122 196 0 1
123 196 0 1
124 196 0 1
125 196 0 1
126 196 0 1
127 196 0 1
128 196 0 1
129 196 0 1
130 196 0 1
131 196 0 1
132 196 0 1
133 196 0 1
134 196 0 2
135 196 0 2
136 196 0 2
137 196 0 2
138 196 0 2
139 196 0 2
140 196 0 2
141 196 0 2
142 196 0 2
143 196 0 2
144 196 0 1
145 196 0 1
146 196 0 1
147 196 0 1
148 196 0 1
149 196 0 1
150 196 0 1
151 196 0 1
152 196 0 1
153 196 0 1
154 196 0 1
155 196 0 1
156 196 0 1
157 196 0 1
158 196 0 1
159 196 0 1
160 196 0 1
161 196 0 1
162 196 0 1
163 196 0 1
164 196 0 1
165 196 0 1
166 196 0 1
167 196 0 1
119 197 0 1
120 197 0 1
121 197 0 1
122 197 0 1
123 197 0 1
124 197 0 1
125 197 0 1
126 197 0 1
127 197 0 1
128 197 0 1
129 197 0 1
130 197 0 1
131 197 0 1
132 197 0 1
133 197 0 1
134 197 0 1
135 197 0 1
136 197 0 2
137 197 0 2
138 197 0 2
139 197 0 2
140 197 0 2
141 197 0 2
142 197 0 2
143 197 0 2
144 197 0 2
145 197 0 1
146 197 0 1
147 197 0 1
148 197 0 1
149 197 0 1
150 197 0 1
151 197 0 1
152 197 0 1
153 197 0 1
154 197 0 1
155 197 0 1
156 197 0 1
157 197 0 1
158 197 0 1
159 197 0 1
160 197 0 1
161 197 0 1
162 197 0 1
163 197 0 1
164 197 0 1
165 197 0 1
166 197 0 1
167 197 0 1
119 198 0 1
120 198 0 1
121 198 0 1
122 198 0 1
123 198 0 1
124 198 0 1
125 198 0 1
126 198 0 1
127 198 0 1
128 198 0 1
129 198 0 1
130 198 0 1
131 198 0 1
132 198 0 1
133 198 0 1
134 198 0 1
135 198 0 1
136 198 0 1
137 198 0 2
138 198 0 2
139 198 0 2
140 198 0 2
141 198 0 2
142 198 0 2
143 198 0 2
144 198 0 2
145 198 0 1
146 198 0 1
147 198 0 1
148 198 0 1
149 198 0 1
150 198 0 1
151 198 0 1
152 198 0 1
153 198 0 1
154 198 0 1
155 198 0 1
156 198 0 1
157 198 0 1
158 198 0 1
159 198 0 1
160 198 0 1
161 198 0 1
162 198 0 1
163 198 0 1
164 198 0 1
165 198 0 1
166 198 0 1
167 198 0 1
119 199 0 1
120 199 0 1
121 199 0 1
122 199 0 1
123 199 0 1
124 199 0 1
125 199 0 1
126 199 0 1
127 199 0 1
128 199 0 1
129 199 0 1
130 199 0 1
131 199 0 1
132 199 0 1
133 199 0 1
134 199 0 1
135 199 0 1
136 199 0 1
137 199 0 2
138 199 0 2
139 199 0 2
140 199 0 2
141 199 0 2
142 199 0 2
143 199 0 2
144 199 0 2
145 199 0 2
146 199 0 2
147 199 0 1
148 199 0 1
149 199 0 1
150 199 0 1
151 199 0 1
152 199 0 1
153 199 0 1
154 199 0 1
155 199 0 1
156 199 0 1
157 199 0 1
158 199 0 1
159 199 0 1
160 199 0 1
161 199 0 1
162 199 0 1
163 199 0 1
164 199 0 1
165 199 0 1
166 199 0 1
167 199 0 1
119 200 0 1
120 200 0 1
121 200 0 1
122 200 0 1
123 200 0 1
124 200 0 1
125 200 0 1
126 200 0 1
127 200 0 1
128 200 0 1
129 200 0 1
130 200 0 1
131 200 0 1
132 200 0 1
133 200 0 1
134 200 0 1
135 200 0 1
136 200 0 1
137 200 0 2
138 200 0 2
139 200 0 2
140 200 0 2
141 200 0 2
142 200 0 2
143 200 0 2
144 200 0 2
145 200 0 2
146 200 0 2
147 200 0 2
148 200 0 1
149 200 0 1
150 200 0 1
151 200 0 1
152 200 0 1
153 200 0 1
154 200 0 1
155 200 0 1
156 200 0 1
157 200 0 1
158 200 0 1
159 200 0 1
160 200 0 1
161 200 0 1
162 200 0 1
163 200 0 1
164 200 0 1
165 200 0 1
166 200 0 1
167 200 0 1
119 201 0 1
120 201 0 1
121 201 0 1
122 201 0 1
123 201 0 1
124 201 0 1
125 201 0 1
126 201 0 1
127 201 0 1
128 201 0 1
129 201 0 1
130 201 0 1
131 201 0 1
132 201 0 1
133 201 0 1
134 201 0 1
135 201 0 1
136 201 0 1
137 201 0 1
138 201 0 1
139 201 0 2
140 201 0 2
141 201 0 2
142 201 0 2
143 201 0 2
144 201 0 2
145 201 0 2
146 201 0 2
147 201 0 2
148 201 0 1
149 201 0 1
150 201 0 1
151 201 0 1
152 201 0 1
153 201 0 1
154 201 0 1
155 201 0 1
156 201 0 1
157 201 0 1
158 201 0 1
159 201 0 1
160 201 0 1
161 201 0 1
162 201 0 1
163 201 0 1
164 201 0 1
165 201 0 1
166 201 0 1
167 201 0 1
118 202 0 1
119 202 0 1
120 202 0 1
121 202 0 1
122 202 0 1
123 202 0 1
124 202 0 1
125 202 0 1
126 202 0 1
127 202 0 1
128 202 0 1
129 202 0 1
130 202 0 1
131 202 0 1
132 202 0 1
133 202 0 1
134 202 0 1
135 202 0 1
136 202 0 1
137 202 0 1
138 202 0 1
139 202 0 1
140 202 0 2
141 202 0 2
142 202 0 2
143 202 0 2
144 202 0 2
145 202 0 2
146 202 0 2
147 202 0 2
148 202 0 1
149 202 0 1
150 202 0 1
151 202 0 1
152 202 0 1
153 202 0 1
154 202 0 1
155 202 0 1
156 202 0 1
157 202 0 1
158 202 0 1
159 202 0 1
160 202 0 1
161 202 0 1
162 202 0 1
163 202 0 1
164 202 0 1
165 202 0 1
166 202 0 1
167 202 0 1
168 202 0 1
119 203 0 1
120 203 0 1
121 203 0 1
122 203 0 1
123 203 0 1
124 203 0 1
125 203 0 1
126 203 0 1
127 203 0 1
128 203 0 1
129 203 0 1
130 203 0 1
131 203 0 1
132 203 0 1
133 203 0 1
134 203 0 1
135 203 0 1
136 203 0 1
137 203 0 1
138 203 0 1
139 203 0 1
140 203 0 1
141 203 0 2
142 203 0 2
143 203 0 2
144 203 0 2
145 203 0 2
146 203 0 2
147 203 0 2
148 203 0 2
149 203 0 1
150 203 0 1
151 203 0 1
152 203 0 1
153 203 0 1
154 203 0 1
155 203 0 1
156 203 0 1
157 203 0 1
158 203 0 1
159 203 0 1
160 203 0 1
161 203 0 1
162 203 0 1
163 203 0 1
164 203 0 1
165 203 0 1
166 203 0 1
167 203 0 1
119 204 0 1
120 204 0 1
121 204 0 1
122 204 0 1
123 204 0 1
124 204 0 1
125 204 0 1
126 204 0 1
127 204 0 1
128 204 0 1
129 204 0 1
130 204 0 1
131 204 0 1
132 204 0 1
133 204 0 1
134 204 0 1
135 204 0 1
136 204 0 1
137 204 0 1
138 204 0 1
139 204 0 1
140 204 0 1
141 204 0 1
142 204 0 1
143 204 0 2
144 204 0 2
145 204 0 2
146 204 0 2
147 204 0 2
148 204 0 2
149 204 0 2
150 204 0 1
151 204 0 1
152 204 0 1
153 204 0 1
154 204 0 1
155 204 0 1
156 204 0 1
157 204 0 1
158 204 0 1
159 204 0 1
160 204 0 1
161 204 0 1
162 204 0 1
163 204 0 1
164 204 0 1
165 204 0 1
166 204 0 1
167 204 0 1
119 205 0 1
120 205 0 1
121 205 0 1
122 205 0 1
123 205 0 1
124 205 0 1
125 205 0 1
126 205 0 1
127 205 0 1
128 205 0 1
129 205 0 1
130 205 0 1
131 205 0 1
132 205 0 1
133 205 0 1
134 205 0 1
135 205 0 1
136 205 0 1
137 205 0 1
138 205 0 1
139 205 0 1
140 205 0 1
141 205 0 1
142 205 0 1
143 205 0 2
144 205 0 2
145 205 0 2
146 205 0 2
147 205 0 2
148 205 0 2
149 205 0 2
150 205 0 1
151 205 0 1
152 205 0 1
153 205 0 1
154 205 0 1
155 205 0 1
156 205 0 1
157 205 0 1
158 205 0 1
159 205 0 1
160 205 0 1
161 205 0 1
162 205 0 1
163 205 0 1
164 205 0 1
165 205 0 1
166 205 0 1
167 205 0 1
119 206 0 1
120 206 0 1
121 206 0 1
122 206 0 1
123 206 0 1
124 206 0 1
125 206 0 1
126 206 0 1
127 206 0 1
128 206 0 1
129 206 0 1
130 206 0 1
131 206 0 1
132 206 0 1
133 206 0 1
134 206 0 1
135 206 0 1
136 206 0 1
137 206 0 1
138 206 0 1
139 206 0 1
140 206 0 1
141 206 0 1
142 206 0 1
143 206 0 2
144 206 0 2
145 206 0 2
146 206 0 2
147 206 0 2
148 206 0 2
149 206 0 2
150 206 0 1
151 206 0 1
152 206 0 1
153 206 0 1
154 206 0 1
155 206 0 1
156 206 0 1
157 206 0 1
158 206 0 1
159 206 0 1
160 206 0 1
161 206 0 1
162 206 0 1
163 206 0 1
164 206 0 1
165 206 0 1
166 206 0 1
167 206 0 1
119 207 0 1
120 207 0 1
121 207 0 1
122 207 0 1
123 207 0 1
124 207 0 1
125 207 0 1
126 207 0 1
127 207 0 1
128 207 0 1
129 207 0 1
130 207 0 1
131 207 0 1
132 207 0 1
133 207 0 1
134 207 0 1
135 207 0 1
136 207 0 1
137 207 0 1
138 207 0 1
139 207 0 1
140 207 0 1
141 207 0 1
142 207 0 1
143 207 0 1
144 207 0 1
145 207 0 2
146 207 0 2
147 207 0 2
148 207 0 2
149 207 0 2
150 207 0 2
151 207 0 1
152 207 0 1
153 207 0 1
154 207 0 1
155 207 0 1
156 207 0 1
157 207 0 1
158 207 0 1
159 207 0 1
160 207 0 1
161 207 0 1
162 207 0 1
163 207 0 1
164 207 0 1
165 207 0 1
166 207 0 1
167 207 0 1
119 208 0 1
120 208 0 1
121 208 0 1
122 208 0 1
123 208 0 1
124 208 0 1
125 208 0 1
126 208 0 1
127 208 0 1
128 208 0 1
129 208 0 1
130 208 0 1
131 208 0 1
132 208 0 1
133 208 0 1
134 208 0 1
135 208 0 1
136 208 0 1
137 208 0 1
138 208 0 1
139 208 0 1
140 208 0 1
141 208 0 1
142 208 0 1
143 208 0 1
144 208 0 1
145 208 0 1
146 208 0 2
147 208 0 2
148 208 0 2
149 208 0 2
150 208 0 2
151 208 0 2
152 208 0 1
153 208 0 1
154 208 0 1
155 208 0 1
156 208 0 1
157 208 0 1
158 208 0 1
159 208 0 1
160 208 0 1
161 208 0 1
162 208 0 1
163 208 0 1
164 208 0 1
165 208 0 1
166 208 0 1
167 208 0 1
119 209 0 1
120 209 0 1
121 209 0 1
122 209 0 1
123 209 0 1
124 209 0 1
125 209 0 1
126 209 0 1
127 209 0 1
128 209 0 1
129 209 0 1
130 209 0 1
131 209 0 1
132 209 0 1
133 209 0 1
134 209 0 1
135 209 0 1
136 209 0 1
137 209 0 1
138 209 0 1
139 209 0 1
140 209 0 1
141 209 0 1
142 209 0 1
143 209 0 1
144 209 0 1
145 209 0 1
146 209 0 2
147 209 0 2
148 209 0 2
149 209 0 2
150 209 0 2
151 209 0 2
152 209 0 1
153 209 0 1
154 209 0 1
155 209 0 1
156 209 0 1
157 209 0 1
158 209 0 1
159 209 0 1
160 209 0 1
161 209 0 1
162 209 0 1
163 209 0 1
164 209 0 1
165 209 0 1
166 209 0 2
167 209 0 2
120 210 0 1
121 210 0 1
122 210 0 1
123 210 0 1
124 210 0 1
125 210 0 1
126 210 0 1
127 210 0 1
128 210 0 1
129 210 0 1
130 210 0 1
131 210 0 1
132 210 0 1
133 210 0 1
134 210 0 1
135 210 0 1
136 210 0 1
137 210 0 1
138 210 0 1
139 210 0 1
140 210 0 1
141 210 0 1
142 210 0 1
143 210 0 1
144 210 0 1
145 210 0 1
146 210 0 1
147 210 0 2
148 210 0 2
149 210 0 2
150 210 0 2
151 210 0 2
152 210 0 2
153 210 0 1
154 210 0 1
155 210 0 1
156 210 0 1
157 210 0 1
158 210 0 1
159 210 0 1
160 210 0 1
161 210 0 1
162 210 0 1
163 210 0 1
164 210 0 2
165 210 0 2
166 210 0 2
120 211 0 1
121 211 0 1
122 211 0 1
123 211 0 1
124 211 0 1
125 211 0 1
126 211 0 1
127 211 0 1
128 211 0 1
129 211 0 1
130 211 0 1
131 211 0 1
132 211 0 1
133 211 0 1
134 211 0 1
135 211 0 1
136 211 0 1
137 211 0 1
138 211 0 1
139 211 0 1
140 211 0 1
141 211 0 1
142 211 0 1
143 211 0 1
144 211 0 1
145 211 0 1
146 211 0 1
147 211 0 1
148 211 0 2
149 211 0 2
150 211 0 2
151 211 0 2
152 211 0 2
153 211 0 2
154 211 0 1
155 211 0 1
156 211 0 1
157 211 0 1
158 211 0 1
159 211 0 1
160 211 0 1
161 211 0 1
162 211 0 2
163 211 0 2
164 211 0 2
165 211 0 2
166 211 0 2
121 212 0 1
122 212 0 1
123 212 0 1
124 212 0 1
125 212 0 1
126 212 0 1
127 212 0 1
128 212 0 1
129 212 0 1
130 212 0 1
131 212 0 1
132 212 0 1
133 212 0 1
134 212 0 1
135 212 0 1
136 212 0 1
137 212 0 1
138 212 0 1
139 212 0 1
140 212 0 1
141 212 0 1
142 212 0 1
143 212 0 1
144 212 0 1
145 212 0 1
146 212 0 1
147 212 0 1
148 212 0 2
149 212 0 2
150 212 0 2
151 212 0 2
152 212 0 2
153 212 0 2
154 212 0 2
155 212 0 2
156 212 0 1
157 212 0 1
158 212 0 1
159 212 0 1
160 212 0 2
161 212 0 2
162 212 0 2
163 212 0 2
164 212 0 2
165 212 0 2
121 213 0 1
122 213 0 1
123 213 0 1
124 213 0 1
125 213 0 1
126 213 0 1
127 213 0 1
128 213 0 1
129 213 0 1
130 213 0 1
131 213 0 1
132 213 0 1
133 213 0 1
134 213 0 1
135 213 0 1
136 213 0 1
137 213 0 1
138 213 0 1
139 213 0 1
140 213 0 1
141 213 0 1
142 213 0 1
143 213 0 1
144 213 0 1
145 213 0 1
146 213 0 1
147 213 0 1
148 213 0 1
149 213 0 2
150 213 0 2
151 213 0 2
152 213 0 2
153 213 0 2
154 213 0 2
155 213 0 2
156 213 0 1
157 213 0 1
158 213 0 1
159 213 0 2
160 213 0 2
161 213 0 2
162 213 0 2
163 213 0 2
164 213 0 2
165 213 0 2
122 214 0 1
123 214 0 1
124 214 0 1
125 214 0 1
126 214 0 1
127 214 0 1
128 214 0 1
129 214 0 1
130 214 0 1
131 214 0 1
132 214 0 1
133 214 0 1
134 214 0 1
135 214 0 1
136 214 0 1
137 214 0 1
138 214 0 1
139 214 0 1
140 214 0 1
141 214 0 1
142 214 0 1
143 214 0 1
144 214 0 1
145 214 0 1
146 214 0 1
147 214 0 1
148 214 0 1
149 214 0 1
150 214 0 2
151 214 0 2
152 214 0 2
153 214 0 2
154 214 0 2
155 214 0 2
156 214 0 1
157 214 0 1
158 214 0 2
159 214 0 2
160 214 0 2
161 214 0 2
162 214 0 2
163 214 0 2
164 214 0 2
122 215 0 1
123 215 0 1
124 215 0 1
125 215 0 1
126 215 0 1
127 215 0 1
128 215 0 1
129 215 0 1
130 215 0 1
131 215 0 1
132 215 0 1
133 215 0 1
134 215 0 1
135 215 0 1
136 215 0 1
137 215 0 1
138 215 0 1
139 215 0 1
140 215 0 1
141 215 0 1
142 215 0 1
143 215 0 1
144 215 0 1
145 215 0 1
146 215 0 1
147 215 0 1
148 215 0 1
149 215 0 1
150 215 0 2
151 215 0 2
152 215 0 2
153 215 0 2
154 215 0 2
155 215 0 2
156 215 0 2
157 215 0 2
158 215 0 2
159 215 0 2
160 215 0 2
161 215 0 2
162 215 0 2
163 215 0 2
164 215 0 2
123 216 0 2
124 216 0 1
125 216 0 1
126 216 0 1
127 216 0 1
128 216 0 1
129 216 0 1
130 216 0 1
131 216 0 1
132 216 0 1
133 216 0 1
134 216 0 1
135 216 0 1
136 216 0 1
137 216 0 1
138 216 0 1
139 216 0 1
140 216 0 1
141 216 0 1
142 216 0 1
143 216 0 1
144 216 0 1
145 216 0 1
146 216 0 1
147 216 0 1
148 216 0 1
149 216 0 1
150 216 0 2
151 216 0 2
152 216 0 2
153 216 0 2
154 216 0 2
155 216 0 2
156 216 0 2
157 216 0 2
158 216 0 2
159 216 0 2
160 216 0 2
161 216 0 2
162 216 0 2
163 216 0 2
123 217 0 2
124 217 0 1
125 217 0 1
126 217 0 1
127 217 0 1
128 217 0 1
129 217 0 1
130 217 0 1
131 217 0 1
132 217 0 1
133 217 0 1
134 217 0 1
135 217 0 1
136 217 0 1
137 217 0 1
138 217 0 1
139 217 0 1
140 217 0 1
141 217 0 1
142 217 0 1
143 217 0 1
144 217 0 1
145 217 0 1
146 217 0 1
147 217 0 1
148 217 0 1
149 217 0 1
150 217 0 2
151 217 0 2
152 217 0 2
153 217 0 2
154 217 0 2
155 217 0 2
156 217 0 2
157 217 0 2
158 217 0 2
159 217 0 2
160 217 0 2
161 217 0 2
162 217 0 2
163 217 0 2
124 218 0 2
125 218 0 2
126 218 0 2
127 218 0 2
128 218 0 2
129 218 0 1
130 218 0 1
131 218 0 1
132 218 0 1
133 218 0 1
134 218 0 1
135 218 0 1
136 218 0 1
137 218 0 1
138 218 0 1
139 218 0 1
140 218 0 1
141 218 0 1
142 218 0 1
143 218 0 1
144 218 0 1
145 218 0 1
146 218 0 1
147 218 0 1
148 218 0 1
149 218 0 1
150 218 0 2
151 218 0 2
152 218 0 2
153 218 0 2
154 218 0 2
155 218 0 2
156 218 0 2
157 218 0 2
158 218 0 2
159 218 0 2
160 218 0 2
161 218 0 2
162 218 0 2
125 219 0 2
126 219 0 2
127 219 0 2
128 219 0 2
129 219 0 2
130 219 0 2
131 219 0 2
132 219 0 2
133 219 0 2
134 219 0 2
135 219 0 1
136 219 0 1
137 219 0 1
138 219 0 1
139 219 0 1
140 219 0 1
141 219 0 1
142 219 0 1
143 219 0 1
144 219 0 1
145 219 0 1
146 219 0 1
147 219 0 1
148 219 0 1
149 219 0 2
150 219 0 2
151 219 0 2
152 219 0 2
153 219 0 2
154 219 0 2
155 219 0 2
156 219 0 2
157 219 0 2
158 219 0 2
159 219 0 2
160 219 0 2
161 219 0 2
126 220 0 2
127 220 0 2
128 220 0 2
129 220 0 2
130 220 0 2
131 220 0 2
132 220 0 2
133 220 0 2
134 220 0 2
135 220 0 2
136 220 0 2
137 220 0 2
138 220 0 2
139 220 0 2
140 220 0 2
141 220 0 2
142 220 0 2
143 220 0 2
144 220 0 2
145 220 0 2
146 220 0 2
147 220 0 2
148 220 0 2
149 220 0 2
150 220 0 2
151 220 0 2
152 220 0 2
153 220 0 2
154 220 0 2
155 220 0 2
156 220 0 2
157 220 0 2
158 220 0 2
159 220 0 2
160 220 0 2
127 221 0 2
128 221 0 2
129 221 0 2
130 221 0 2
131 221 0 2
132 221 0 2
133 221 0 2
134 221 0 2
135 221 0 2
136 221 0 2
137 221 0 2
138 221 0 2
139 221 0 2
140 221 0 2
141 221 0 2
142 221 0 2
143 221 0 2
144 221 0 2
145 221 0 2
146 221 0 2
147 221 0 2
148 221 0 2
149 221 0 2
150 221 0 2
151 221 0 2
152 221 0 2
153 221 0 2
154 221 0 2
155 221 0 2
156 221 0 2
157 221 0 2
158 221 0 2
159 221 0 2
128 222 0 2
129 222 0 2
130 222 0 2
131 222 0 2
132 222 0 2
133 222 0 2
134 222 0 2
135 222 0 2
136 222 0 2
137 222 0 2
138 222 0 2
139 222 0 2
140 222 0 2
141 222 0 2
142 222 0 2
143 222 0 2
144 222 0 2
145 222 0 2
146 222 0 2
147 222 0 2
148 222 0 2
149 222 0 2
150 222 0 2
151 222 0 2
152 222 0 2
153 222 0 2
154 222 0 2
155 222 0 2
156 222 0 2
157 222 0 2
158 222 0 2
130 223 0 2
131 223 0 2
132 223 0 2
133 223 0 2
134 223 0 2
135 223 0 2
136 223 0 2
137 223 0 2
138 223 0 2
139 223 0 2
140 223 0 2
141 223 0 2
142 223 0 2
143 223 0 2
144 223 0 2
145 223 0 2
146 223 0 2
147 223 0 2
148 223 0 2
149 223 0 2
150 223 0 2
151 223 0 2
152 223 0 2
153 223 0 2
154 223 0 2
155 223 0 2
156 223 0 2
132 224 0 2
133 224 0 2
134 224 0 2
135 224 0 2
136 224 0 2
137 224 0 2
138 224 0 2
139 224 0 2
140 224 0 2
141 224 0 2
142 224 0 2
143 224 0 2
144 224 0 2
145 224 0 2
146 224 0 2
147 224 0 2
148 224 0 2
149 224 0 2
150 224 0 2
151 224 0 2
152 224 0 2
153 224 0 2
154 224 0 1
134 225 0 2
135 225 0 2
136 225 0 2
137 225 0 2
138 225 0 2
139 225 0 2
140 225 0 2
141 225 0 2
142 225 0 2
143 225 0 2
144 225 0 2
145 225 0 2
146 225 0 2
147 225 0 2
148 225 0 2
149 225 0 2
150 225 0 2
151 225 0 2
152 225 0 2
136 226 0 2
137 226 0 2
138 226 0 2
139 226 0 2
140 226 0 2
141 226 0 2
142 226 0 2
143 226 0 2
144 226 0 2
145 226 0 2
146 226 0 2
147 226 0 2
148 226 0 2
149 226 0 2
150 226 0 2
143 227 0 2
