212 91 0 1
209 92 0 1
210 92 0 1
211 92 0 1
212 92 0 1
213 92 0 1
214 92 0 1
215 92 0 1
208 93 0 1
209 93 0 1
210 93 0 1
211 93 0 1
212 93 0 1
213 93 0 1
214 93 0 1
215 93 0 1
216 93 0 1
208 94 0 1
209 94 0 1
210 94 0 1
211 94 0 1
212 94 0 1
213 94 0 1
214 94 0 1
215 94 0 1
216 94 0 1
208 95 0 1
209 95 0 1
210 95 0 1
211 95 0 1
212 95 0 1
213 95 0 1
214 95 0 1
215 95 0 1
216 95 0 1
207 96 0 1
208 96 0 1
209 96 0 1
210 96 0 1
211 96 0 1
212 96 0 1
213 96 0 1
214 96 0 1
215 96 0 1
216 96 0 1
217 96 0 1
208 97 0 1
209 97 0 1
210 97 0 1
211 97 0 1
212 97 0 1
213 97 0 1
214 97 0 1
215 97 0 1
216 97 0 1
208 98 0 1
209 98 0 1
210 98 0 1
211 98 0 1
212 98 0 1
213 98 0 1
214 98 0 1
215 98 0 1
216 98 0 1
208 99 0 1
209 99 0 1
210 99 0 1
211 99 0 1
212 99 0 1
213 99 0 1
214 99 0 1
215 99 0 1
216 99 0 1
209 100 0 1
210 100 0 1
211 100 0 1
212 100 0 1
213 100 0 1
214 100 0 1
215 100 0 1
212 101 0 1
167 118 0 1
164 119 0 1
165 119 0 1
166 119 0 1
167 119 0 1
168 119 0 1
169 119 0 1
170 119 0 1
163 120 0 1
164 120 0 1
165 120 0 1
166 120 0 1
167 120 0 1
168 120 0 2
169 120 0 2
170 120 0 2
171 120 0 2
163 121 0 1
164 121 0 1
165 121 0 1
166 121 0 1
167 121 0 2
168 121 0 2
169 121 0 2
170 121 0 2
171 121 0 2
163 122 0 2
164 122 0 2
165 122 0 2
166 122 0 2
167 122 0 2
168 122 0 2
169 122 0 2
170 122 0 2
171 122 0 2
162 123 0 2
163 123 0 2
164 123 0 2
165 123 0 2
166 123 0 2
167 123 0 2
168 123 0 2
169 123 0 2
170 123 0 2
171 123 0 2
172 123 0 2
163 124 0 2
164 124 0 2
165 124 0 2
166 124 0 2
167 124 0 2
168 124 0 2
169 124 0 2
170 124 0 2
171 124 0 2
163 125 0 2
164 125 0 2
165 125 0 2
166 125 0 2
167 125 0 2
168 125 0 2
169 125 0 2
170 125 0 2
171 125 0 2
163 126 0 2
164 126 0 2
165 126 0 2
166 126 0 2
167 126 0 2
168 126 0 2
169 126 0 2
170 126 0 2
171 126 0 2
164 127 0 2
165 127 0 2
166 127 0 2
167 127 0 2
168 127 0 2
169 127 0 2
170 127 0 2
167 128 0 1
210 136 0 1
207 137 0 1
208 137 0 1
209 137 0 1
210 137 0 1
211 137 0 1
212 137 0 1
213 137 0 1
206 138 0 1
207 138 0 1
208 138 0 1
209 138 0 1
210 138 0 1
211 138 0 1
212 138 0 1
213 138 0 1
214 138 0 1
206 139 0 1
207 139 0 1
208 139 0 1
209 139 0 1
210 139 0 1
211 139 0 1
212 139 0 1
213 139 0 1
214 139 0 1
206 140 0 1
207 140 0 1
208 140 0 1
209 140 0 1
210 140 0 1
211 140 0 1
212 140 0 1
213 140 0 1
214 140 0 1
205 141 0 1
206 141 0 1
207 141 0 1
208 141 0 1
209 141 0 1
210 141 0 1
211 141 0 1
212 141 0 1
213 141 0 1
214 141 0 1
215 141 0 1
206 142 0 1
207 142 0 1
208 142 0 1
209 142 0 1
210 142 0 1
211 142 0 1
212 142 0 1
213 142 0 1
214 142 0 1
206 143 0 1
207 143 0 1
208 143 0 1
209 143 0 1
210 143 0 1
211 143 0 1
212 143 0 1
213 143 0 1
214 143 0 1
206 144 0 1
207 144 0 1
208 144 0 1
209 144 0 1
210 144 0 1
211 144 0 1
212 144 0 1
213 144 0 1
214 144 0 1
207 145 0 1
208 145 0 1
209 145 0 1
210 145 0 1
211 145 0 1
212 145 0 1
213 145 0 1
210 146 0 1
