90 52 0 1
86 53 0 1
87 53 0 1
88 53 0 1
89 53 0 1
90 53 0 1
91 53 0 1
92 53 0 1
93 53 0 1
94 53 0 1
84 54 0 1
85 54 0 1
86 54 0 1
87 54 0 1
88 54 0 1
89 54 0 1
90 54 0 1
91 54 0 1
92 54 0 1
93 54 0 1
94 54 0 1
95 54 0 1
96 54 0 1
83 55 0 1
84 55 0 1
85 55 0 1
86 55 0 1
87 55 0 1
88 55 0 1
89 55 0 1
90 55 0 1
91 55 0 1
92 55 0 1
93 55 0 1
94 55 0 1
95 55 0 1
96 55 0 1
97 55 0 1
82 56 0 1
83 56 0 1
84 56 0 1
85 56 0 1
86 56 0 1
87 56 0 1
88 56 0 1
89 56 0 1
90 56 0 1
91 56 0 1
92 56 0 1
93 56 0 1
94 56 0 1
95 56 0 1
96 56 0 1
97 56 0 1
98 56 0 1
82 57 0 1
83 57 0 1
84 57 0 1
85 57 0 1
86 57 0 1
87 57 0 1
88 57 0 1
89 57 0 1
90 57 0 1
91 57 0 1
92 57 0 1
93 57 0 1
94 57 0 1
95 57 0 1
96 57 0 1
97 57 0 1
98 57 0 1
81 58 0 1
82 58 0 1
83 58 0 1
84 58 0 1
85 58 0 1
86 58 0 1
87 58 0 1
88 58 0 1
89 58 0 1
90 58 0 1
91 58 0 1
92 58 0 1
93 58 0 1
94 58 0 1
95 58 0 1
96 58 0 1
97 58 0 1
98 58 0 1
99 58 0 1
81 59 0 1
82 59 0 1
83 59 0 1
84 59 0 1
85 59 0 1
86 59 0 1
87 59 0 1
88 59 0 1
89 59 0 1
90 59 0 1
91 59 0 1
92 59 0 1
93 59 0 1
94 59 0 1
95 59 0 1
96 59 0 1
97 59 0 1
98 59 0 1
99 59 0 1
81 60 0 1
82 60 0 1
83 60 0 1
84 60 0 1
85 60 0 1
86 60 0 1
87 60 0 1
88 60 0 1
89 60 0 1
90 60 0 1
91 60 0 1
92 60 0 1
93 60 0 1
94 60 0 1
95 60 0 1
96 60 0 1
97 60 0 1
98 60 0 1
99 60 0 1
81 61 0 1
82 61 0 1
83 61 0 1
84 61 0 1
85 61 0 1
86 61 0 1
87 61 0 1
88 61 0 1
89 61 0 1
90 61 0 1
91 61 0 1
92 61 0 1
93 61 0 1
94 61 0 1
95 61 0 1
96 61 0 1
97 61 0 1
98 61 0 1
99 61 0 1
80 62 0 1
81 62 0 1
82 62 0 1
83 62 0 1
84 62 0 1
85 62 0 1
86 62 0 1
87 62 0 1
88 62 0 1
89 62 0 1
90 62 0 1
91 62 0 1
92 62 0 1
93 62 0 1
94 62 0 1
95 62 0 1
96 62 0 1
97 62 0 1
98 62 0 1
99 62 0 1
100 62 0 1
81 63 0 2
82 63 0 1
83 63 0 1
84 63 0 1
85 63 0 1
86 63 0 1
87 63 0 1
88 63 0 1
89 63 0 1
90 63 0 1
91 63 0 1
92 63 0 1
93 63 0 1
94 63 0 1
95 63 0 1
96 63 0 1
97 63 0 1
98 63 0 1
99 63 0 1
81 64 0 2
82 64 0 2
83 64 0 1
84 64 0 1
85 64 0 1
86 64 0 1
87 64 0 1
88 64 0 1
89 64 0 1
90 64 0 1
91 64 0 1
92 64 0 1
93 64 0 1
94 64 0 1
95 64 0 1
96 64 0 1
97 64 0 1
98 64 0 1
99 64 0 1
81 65 0 2
82 65 0 2
83 65 0 2
84 65 0 2
85 65 0 1
86 65 0 1
87 65 0 1
88 65 0 1
89 65 0 1
90 65 0 1
91 65 0 1
92 65 0 1
93 65 0 1
94 65 0 1
95 65 0 1
96 65 0 1
97 65 0 1
98 65 0 1
99 65 0 1
81 66 0 2
82 66 0 2
83 66 0 2
84 66 0 2
85 66 0 2
86 66 0 2
87 66 0 2
88 66 0 1
89 66 0 1
90 66 0 1
91 66 0 1
92 66 0 1
93 66 0 1
94 66 0 1
95 66 0 1
96 66 0 1
97 66 0 1
98 66 0 1
99 66 0 1
82 67 0 2
83 67 0 2
84 67 0 2
85 67 0 2
86 67 0 2
87 67 0 2
88 67 0 2
89 67 0 2
90 67 0 1
91 67 0 1
92 67 0 1
93 67 0 1
94 67 0 1
95 67 0 1
96 67 0 1
97 67 0 1
98 67 0 1
82 68 0 2
83 68 0 2
84 68 0 2
85 68 0 2
86 68 0 2
87 68 0 2
88 68 0 2
89 68 0 2
90 68 0 2
91 68 0 2
92 68 0 2
93 68 0 1
94 68 0 1
95 68 0 1
96 68 0 1
97 68 0 1
98 68 0 1
83 69 0 2
84 69 0 2
85 69 0 2
86 69 0 2
87 69 0 2
88 69 0 2
89 69 0 2
90 69 0 2
91 69 0 2
92 69 0 2
93 69 0 1
94 69 0 1
95 69 0 1
96 69 0 1
97 69 0 1
84 70 0 2
85 70 0 2
86 70 0 2
87 70 0 2
88 70 0 2
89 70 0 2
90 70 0 2
91 70 0 2
92 70 0 2
93 70 0 2
94 70 0 2
95 70 0 2
96 70 0 1
86 71 0 2
87 71 0 2
88 71 0 2
89 71 0 2
90 71 0 2
91 71 0 2
92 71 0 2
93 71 0 2
94 71 0 2
90 72 0 2
34 55 0 1
30 56 0 1
31 56 0 1
32 56 0 1
33 56 0 1
34 56 0 1
35 56 0 1
36 56 0 1
37 56 0 1
38 56 0 1
28 57 0 1
29 57 0 1
30 57 0 1
31 57 0 1
32 57 0 1
33 57 0 1
34 57 0 1
35 57 0 1
36 57 0 1
37 57 0 1
38 57 0 1
39 57 0 1
40 57 0 1
27 58 0 1
28 58 0 1
29 58 0 1
30 58 0 1
31 58 0 1
32 58 0 1
33 58 0 1
34 58 0 1
35 58 0 1
36 58 0 1
37 58 0 1
38 58 0 1
39 58 0 1
40 58 0 1
41 58 0 1
26 59 0 1
27 59 0 1
28 59 0 1
29 59 0 1
30 59 0 1
31 59 0 1
32 59 0 1
33 59 0 1
34 59 0 1
35 59 0 1
36 59 0 1
37 59 0 1
38 59 0 1
39 59 0 1
40 59 0 1
41 59 0 1
42 59 0 1
26 60 0 1
27 60 0 1
28 60 0 1
29 60 0 1
30 60 0 1
31 60 0 1
32 60 0 1
33 60 0 1
34 60 0 1
35 60 0 1
36 60 0 1
37 60 0 1
38 60 0 1
39 60 0 1
40 60 0 1
41 60 0 1
42 60 0 1
25 61 0 1
26 61 0 1
27 61 0 1
28 61 0 1
29 61 0 1
30 61 0 1
31 61 0 1
32 61 0 1
33 61 0 1
34 61 0 1
35 61 0 1
36 61 0 1
37 61 0 1
38 61 0 1
39 61 0 1
40 61 0 1
41 61 0 1
42 61 0 1
43 61 0 1
25 62 0 1
26 62 0 1
27 62 0 1
28 62 0 1
29 62 0 1
30 62 0 1
31 62 0 1
32 62 0 1
33 62 0 1
34 62 0 1
35 62 0 1
36 62 0 1
37 62 0 1
38 62 0 1
39 62 0 1
40 62 0 1
41 62 0 1
42 62 0 1
43 62 0 1
25 63 0 1
26 63 0 1
27 63 0 1
28 63 0 1
29 63 0 1
30 63 0 1
31 63 0 1
32 63 0 1
33 63 0 1
34 63 0 1
35 63 0 1
36 63 0 1
37 63 0 1
38 63 0 1
39 63 0 1
40 63 0 1
41 63 0 1
42 63 0 1
43 63 0 1
25 64 0 1
26 64 0 1
27 64 0 1
28 64 0 1
29 64 0 1
30 64 0 1
31 64 0 1
32 64 0 1
33 64 0 1
34 64 0 1
35 64 0 1
36 64 0 1
37 64 0 1
38 64 0 1
39 64 0 1
40 64 0 1
41 64 0 1
42 64 0 1
43 64 0 1
24 65 0 1
25 65 0 1
26 65 0 1
27 65 0 1
28 65 0 1
29 65 0 1
30 65 0 1
31 65 0 1
32 65 0 1
33 65 0 1
34 65 0 1
35 65 0 1
36 65 0 1
37 65 0 1
38 65 0 1
39 65 0 1
40 65 0 1
41 65 0 2
42 65 0 2
43 65 0 2
44 65 0 2
25 66 0 1
26 66 0 1
27 66 0 1
28 66 0 1
29 66 0 1
30 66 0 1
31 66 0 1
32 66 0 1
33 66 0 1
34 66 0 1
35 66 0 1
36 66 0 1
37 66 0 1
38 66 0 1
39 66 0 1
40 66 0 2
41 66 0 2
42 66 0 2
43 66 0 2
25 67 0 1
26 67 0 1
27 67 0 1
28 67 0 1
29 67 0 1
30 67 0 1
31 67 0 1
32 67 0 1
33 67 0 1
34 67 0 1
35 67 0 1
36 67 0 1
37 67 0 1
38 67 0 1
39 67 0 2
40 67 0 2
41 67 0 2
42 67 0 2
43 67 0 2
25 68 0 1
26 68 0 1
27 68 0 1
28 68 0 1
29 68 0 1
30 68 0 1
31 68 0 1
32 68 0 1
33 68 0 1
34 68 0 1
35 68 0 1
36 68 0 1
37 68 0 1
38 68 0 1
39 68 0 2
40 68 0 2
41 68 0 2
42 68 0 2
43 68 0 2
25 69 0 1
26 69 0 1
27 69 0 1
28 69 0 1
29 69 0 1
30 69 0 1
31 69 0 1
32 69 0 1
33 69 0 1
34 69 0 1
35 69 0 1
36 69 0 1
37 69 0 2
38 69 0 2
39 69 0 2
40 69 0 2
41 69 0 2
42 69 0 2
43 69 0 2
26 70 0 1
27 70 0 1
28 70 0 1
29 70 0 1
30 70 0 1
31 70 0 1
32 70 0 1
33 70 0 2
34 70 0 2
35 70 0 2
36 70 0 2
37 70 0 2
38 70 0 2
39 70 0 2
40 70 0 2
41 70 0 2
42 70 0 2
26 71 0 2
27 71 0 2
28 71 0 2
29 71 0 2
30 71 0 2
31 71 0 2
32 71 0 2
33 71 0 2
34 71 0 2
35 71 0 2
36 71 0 2
37 71 0 2
38 71 0 2
39 71 0 2
40 71 0 2
41 71 0 2
42 71 0 2
27 72 0 2
28 72 0 2
29 72 0 2
30 72 0 2
31 72 0 2
32 72 0 2
33 72 0 2
34 72 0 2
35 72 0 2
36 72 0 2
37 72 0 2
38 72 0 2
39 72 0 2
40 72 0 2
41 72 0 2
28 73 0 2
29 73 0 2
30 73 0 2
31 73 0 2
32 73 0 2
33 73 0 2
34 73 0 2
35 73 0 2
36 73 0 2
37 73 0 2
38 73 0 2
39 73 0 2
40 73 0 2
30 74 0 2
31 74 0 2
32 74 0 2
33 74 0 2
34 74 0 2
35 74 0 2
36 74 0 2
37 74 0 2
38 74 0 2
34 75 0 2
73 98 0 2
69 99 0 2
70 99 0 2
71 99 0 2
72 99 0 2
73 99 0 2
74 99 0 2
75 99 0 2
76 99 0 2
77 99 0 2
67 100 0 2
68 100 0 2
69 100 0 2
70 100 0 2
71 100 0 2
72 100 0 2
73 100 0 2
74 100 0 2
75 100 0 2
76 100 0 2
77 100 0 2
78 100 0 2
79 100 0 2
66 101 0 2
67 101 0 2
68 101 0 2
69 101 0 1
70 101 0 2
71 101 0 2
72 101 0 1
73 101 0 2
74 101 0 2
75 101 0 1
76 101 0 1
77 101 0 1
78 101 0 1
79 101 0 1
80 101 0 1
65 102 0 1
66 102 0 1
67 102 0 1
68 102 0 1
69 102 0 1
70 102 0 1
71 102 0 1
72 102 0 1
73 102 0 1
74 102 0 1
75 102 0 1
76 102 0 1
77 102 0 1
78 102 0 1
79 102 0 1
80 102 0 1
81 102 0 1
65 103 0 1
66 103 0 1
67 103 0 1
68 103 0 1
69 103 0 1
70 103 0 1
71 103 0 1
72 103 0 1
73 103 0 1
74 103 0 1
75 103 0 1
76 103 0 1
77 103 0 1
78 103 0 1
79 103 0 1
80 103 0 1
81 103 0 1
64 104 0 1
65 104 0 1
66 104 0 1
67 104 0 1
68 104 0 1
69 104 0 1
70 104 0 1
71 104 0 1
72 104 0 1
73 104 0 1
74 104 0 1
75 104 0 1
76 104 0 1
77 104 0 1
78 104 0 1
79 104 0 1
80 104 0 1
81 104 0 1
82 104 0 1
64 105 0 1
65 105 0 1
66 105 0 1
67 105 0 1
68 105 0 1
69 105 0 1
70 105 0 1
71 105 0 1
72 105 0 1
73 105 0 1
74 105 0 1
75 105 0 1
76 105 0 1
77 105 0 1
78 105 0 1
79 105 0 1
80 105 0 1
81 105 0 1
82 105 0 1
64 106 0 1
65 106 0 1
66 106 0 1
67 106 0 1
68 106 0 1
69 106 0 1
70 106 0 1
71 106 0 1
72 106 0 1
73 106 0 1
74 106 0 1
75 106 0 1
76 106 0 1
77 106 0 1
78 106 0 1
79 106 0 1
80 106 0 1
81 106 0 1
82 106 0 1
64 107 0 1
65 107 0 1
66 107 0 1
67 107 0 1
68 107 0 1
69 107 0 1
70 107 0 1
71 107 0 1
72 107 0 1
73 107 0 1
74 107 0 1
75 107 0 1
76 107 0 1
77 107 0 1
78 107 0 1
79 107 0 1
80 107 0 1
81 107 0 1
82 107 0 1
63 108 0 1
64 108 0 1
65 108 0 1
66 108 0 1
67 108 0 1
68 108 0 1
69 108 0 1
70 108 0 1
71 108 0 1
72 108 0 1
73 108 0 1
74 108 0 1
75 108 0 1
76 108 0 1
77 108 0 1
78 108 0 1
79 108 0 1
80 108 0 1
81 108 0 1
82 108 0 1
83 108 0 1
64 109 0 1
65 109 0 1
66 109 0 1
67 109 0 1
68 109 0 1
69 109 0 1
70 109 0 1
71 109 0 1
72 109 0 1
73 109 0 1
74 109 0 1
75 109 0 1
76 109 0 1
77 109 0 1
78 109 0 1
79 109 0 1
80 109 0 1
81 109 0 1
82 109 0 1
64 110 0 1
65 110 0 1
66 110 0 1
67 110 0 1
68 110 0 1
69 110 0 1
70 110 0 1
71 110 0 1
72 110 0 1
73 110 0 1
74 110 0 1
75 110 0 1
76 110 0 1
77 110 0 1
78 110 0 1
79 110 0 1
80 110 0 1
81 110 0 1
82 110 0 1
64 111 0 1
65 111 0 1
66 111 0 1
67 111 0 1
68 111 0 1
69 111 0 1
70 111 0 1
71 111 0 1
72 111 0 1
73 111 0 1
74 111 0 1
75 111 0 1
76 111 0 1
77 111 0 1
78 111 0 1
79 111 0 1
80 111 0 1
81 111 0 1
82 111 0 1
64 112 0 1
65 112 0 1
66 112 0 1
67 112 0 1
68 112 0 1
69 112 0 1
70 112 0 1
71 112 0 1
72 112 0 1
73 112 0 1
74 112 0 1
75 112 0 1
76 112 0 1
77 112 0 1
78 112 0 2
79 112 0 2
80 112 0 2
81 112 0 2
82 112 0 2
65 113 0 1
66 113 0 1
67 113 0 1
68 113 0 1
69 113 0 1
70 113 0 1
71 113 0 2
72 113 0 2
73 113 0 2
74 113 0 2
75 113 0 2
76 113 0 2
77 113 0 2
78 113 0 2
79 113 0 2
80 113 0 2
81 113 0 2
65 114 0 1
66 114 0 2
67 114 0 2
68 114 0 2
69 114 0 2
70 114 0 2
71 114 0 2
72 114 0 2
73 114 0 2
74 114 0 2
75 114 0 2
76 114 0 2
77 114 0 2
78 114 0 2
79 114 0 2
80 114 0 2
81 114 0 2
66 115 0 2
67 115 0 2
68 115 0 2
69 115 0 2
70 115 0 2
71 115 0 2
72 115 0 2
73 115 0 2
74 115 0 2
75 115 0 2
76 115 0 2
77 115 0 2
78 115 0 2
79 115 0 2
80 115 0 2
67 116 0 2
68 116 0 2
69 116 0 2
70 116 0 2
71 116 0 2
72 116 0 2
73 116 0 2
74 116 0 2
75 116 0 2
76 116 0 2
77 116 0 2
78 116 0 2
79 116 0 2
69 117 0 2
70 117 0 2
71 117 0 2
72 117 0 2
73 117 0 2
74 117 0 2
75 117 0 2
76 117 0 2
77 117 0 2
73 118 0 2
202 132 0 1
198 133 0 1
199 133 0 1
200 133 0 1
201 133 0 1
202 133 0 1
203 133 0 1
204 133 0 1
205 133 0 1
206 133 0 1
196 134 0 1
197 134 0 1
198 134 0 1
199 134 0 1
200 134 0 1
201 134 0 1
202 134 0 1
203 134 0 1
204 134 0 1
205 134 0 1
206 134 0 1
207 134 0 1
208 134 0 1
195 135 0 1
196 135 0 1
197 135 0 1
198 135 0 1
199 135 0 1
200 135 0 1
201 135 0 1
202 135 0 1
203 135 0 1
204 135 0 1
205 135 0 1
206 135 0 1
207 135 0 1
208 135 0 1
209 135 0 1
194 136 0 1
195 136 0 1
196 136 0 1
197 136 0 1
198 136 0 1
199 136 0 1
200 136 0 1
201 136 0 1
202 136 0 1
203 136 0 1
204 136 0 1
205 136 0 1
206 136 0 1
207 136 0 1
208 136 0 1
209 136 0 1
210 136 0 1
194 137 0 1
195 137 0 1
196 137 0 1
197 137 0 1
198 137 0 1
199 137 0 1
200 137 0 1
201 137 0 1
202 137 0 1
203 137 0 1
204 137 0 1
205 137 0 1
206 137 0 1
207 137 0 1
208 137 0 1
209 137 0 1
210 137 0 1
193 138 0 1
194 138 0 1
195 138 0 1
196 138 0 1
197 138 0 1
198 138 0 1
199 138 0 1
200 138 0 1
201 138 0 1
202 138 0 1
203 138 0 1
204 138 0 1
205 138 0 1
206 138 0 1
207 138 0 1
208 138 0 1
209 138 0 1
210 138 0 1
211 138 0 1
193 139 0 1
194 139 0 1
195 139 0 1
196 139 0 1
197 139 0 1
198 139 0 1
199 139 0 1
200 139 0 1
201 139 0 1
202 139 0 1
203 139 0 1
204 139 0 1
205 139 0 1
206 139 0 1
207 139 0 1
208 139 0 1
209 139 0 1
210 139 0 1
211 139 0 1
193 140 0 1
194 140 0 1
195 140 0 1
196 140 0 1
197 140 0 1
198 140 0 1
199 140 0 1
200 140 0 1
201 140 0 1
202 140 0 1
203 140 0 1
204 140 0 1
205 140 0 1
206 140 0 1
207 140 0 1
208 140 0 1
209 140 0 1
210 140 0 1
211 140 0 1
193 141 0 1
194 141 0 1
195 141 0 1
196 141 0 1
197 141 0 1
198 141 0 1
199 141 0 1
200 141 0 1
201 141 0 1
202 141 0 1
203 141 0 1
204 141 0 1
205 141 0 1
206 141 0 1
207 141 0 1
208 141 0 1
209 141 0 1
210 141 0 1
211 141 0 1
192 142 0 1
193 142 0 1
194 142 0 1
195 142 0 1
196 142 0 1
197 142 0 1
198 142 0 1
199 142 0 1
200 142 0 1
201 142 0 1
202 142 0 1
203 142 0 1
204 142 0 1
205 142 0 1
206 142 0 1
207 142 0 1
208 142 0 1
209 142 0 1
210 142 0 1
211 142 0 1
212 142 0 1
193 143 0 1
194 143 0 1
195 143 0 1
196 143 0 1
197 143 0 1
198 143 0 1
199 143 0 1
200 143 0 1
201 143 0 1
202 143 0 1
203 143 0 1
204 143 0 1
205 143 0 1
206 143 0 1
207 143 0 1
208 143 0 1
209 143 0 1
210 143 0 1
211 143 0 1
193 144 0 1
194 144 0 1
195 144 0 1
196 144 0 1
197 144 0 1
198 144 0 1
199 144 0 1
200 144 0 1
201 144 0 1
202 144 0 1
203 144 0 1
204 144 0 1
205 144 0 1
206 144 0 1
207 144 0 1
208 144 0 1
209 144 0 1
210 144 0 1
211 144 0 1
193 145 0 1
194 145 0 1
195 145 0 1
196 145 0 1
197 145 0 1
198 145 0 1
199 145 0 1
200 145 0 1
201 145 0 1
202 145 0 1
203 145 0 1
204 145 0 1
205 145 0 1
206 145 0 1
207 145 0 1
208 145 0 1
209 145 0 1
210 145 0 1
211 145 0 1
193 146 0 1
194 146 0 1
195 146 0 1
196 146 0 1
197 146 0 1
198 146 0 1
199 146 0 1
200 146 0 1
201 146 0 1
202 146 0 1
203 146 0 1
204 146 0 1
205 146 0 1
206 146 0 1
207 146 0 1
208 146 0 1
209 146 0 1
210 146 0 1
211 146 0 1
194 147 0 1
195 147 0 1
196 147 0 1
197 147 0 1
198 147 0 1
199 147 0 1
200 147 0 1
201 147 0 1
202 147 0 1
203 147 0 1
204 147 0 1
205 147 0 1
206 147 0 1
207 147 0 1
208 147 0 1
209 147 0 1
210 147 0 1
194 148 0 1
195 148 0 1
196 148 0 1
197 148 0 1
198 148 0 1
199 148 0 1
200 148 0 1
201 148 0 1
202 148 0 1
203 148 0 1
204 148 0 1
205 148 0 1
206 148 0 1
207 148 0 1
208 148 0 1
209 148 0 1
210 148 0 1
195 149 0 1
196 149 0 1
197 149 0 1
198 149 0 1
199 149 0 1
200 149 0 1
201 149 0 1
202 149 0 1
203 149 0 1
204 149 0 1
205 149 0 1
206 149 0 1
207 149 0 1
208 149 0 1
209 149 0 1
196 150 0 1
197 150 0 1
198 150 0 1
199 150 0 1
200 150 0 1
201 150 0 1
202 150 0 1
203 150 0 1
204 150 0 1
205 150 0 1
206 150 0 1
207 150 0 1
208 150 0 1
198 151 0 1
199 151 0 1
200 151 0 1
201 151 0 1
202 151 0 1
203 151 0 1
204 151 0 1
205 151 0 1
206 151 0 1
202 152 0 1
166 98 0 2
162 99 0 2
163 99 0 2
164 99 0 2
165 99 0 2
166 99 0 2
167 99 0 2
168 99 0 2
169 99 0 2
170 99 0 2
160 100 0 2
161 100 0 2
162 100 0 2
163 100 0 2
164 100 0 2
165 100 0 2
166 100 0 2
167 100 0 1
168 100 0 1
169 100 0 1
170 100 0 1
171 100 0 1
172 100 0 1
159 101 0 1
160 101 0 1
161 101 0 1
162 101 0 1
163 101 0 1
164 101 0 1
165 101 0 1
166 101 0 1
167 101 0 1
168 101 0 1
169 101 0 1
170 101 0 1
171 101 0 1
172 101 0 1
173 101 0 1
158 102 0 1
159 102 0 1
160 102 0 1
161 102 0 1
162 102 0 1
163 102 0 1
164 102 0 1
165 102 0 1
166 102 0 1
167 102 0 1
168 102 0 1
169 102 0 1
170 102 0 1
171 102 0 1
172 102 0 1
173 102 0 1
174 102 0 1
158 103 0 1
159 103 0 1
160 103 0 1
161 103 0 1
162 103 0 1
163 103 0 1
164 103 0 1
165 103 0 1
166 103 0 1
167 103 0 1
168 103 0 1
169 103 0 1
170 103 0 1
171 103 0 1
172 103 0 1
173 103 0 1
174 103 0 1
157 104 0 1
158 104 0 1
159 104 0 1
160 104 0 1
161 104 0 1
162 104 0 1
163 104 0 1
164 104 0 1
165 104 0 1
166 104 0 1
167 104 0 1
168 104 0 1
169 104 0 1
170 104 0 1
171 104 0 1
172 104 0 1
173 104 0 1
174 104 0 1
175 104 0 1
157 105 0 1
158 105 0 1
159 105 0 1
160 105 0 1
161 105 0 1
162 105 0 1
163 105 0 1
164 105 0 1
165 105 0 1
166 105 0 1
167 105 0 1
168 105 0 1
169 105 0 1
170 105 0 1
171 105 0 1
172 105 0 1
173 105 0 1
174 105 0 1
175 105 0 1
157 106 0 1
158 106 0 1
159 106 0 1
160 106 0 1
161 106 0 1
162 106 0 1
163 106 0 1
164 106 0 1
165 106 0 1
166 106 0 1
167 106 0 1
168 106 0 1
169 106 0 1
170 106 0 1
171 106 0 1
172 106 0 1
173 106 0 1
174 106 0 1
175 106 0 1
157 107 0 1
158 107 0 1
159 107 0 1
160 107 0 1
161 107 0 1
162 107 0 1
163 107 0 1
164 107 0 1
165 107 0 1
166 107 0 1
167 107 0 1
168 107 0 1
169 107 0 1
170 107 0 1
171 107 0 1
172 107 0 1
173 107 0 1
174 107 0 1
175 107 0 1
156 108 0 1
157 108 0 1
158 108 0 1
159 108 0 1
160 108 0 1
161 108 0 1
162 108 0 1
163 108 0 1
164 108 0 1
165 108 0 1
166 108 0 1
167 108 0 1
168 108 0 1
169 108 0 1
170 108 0 1
171 108 0 1
172 108 0 1
173 108 0 1
174 108 0 1
175 108 0 1
176 108 0 1
157 109 0 1
158 109 0 1
159 109 0 1
160 109 0 1
161 109 0 1
162 109 0 1
163 109 0 1
164 109 0 1
165 109 0 1
166 109 0 1
167 109 0 1
168 109 0 1
169 109 0 1
170 109 0 1
171 109 0 1
172 109 0 1
173 109 0 1
174 109 0 1
175 109 0 1
157 110 0 1
158 110 0 1
159 110 0 1
160 110 0 1
161 110 0 1
162 110 0 1
163 110 0 1
164 110 0 1
165 110 0 1
166 110 0 1
167 110 0 1
168 110 0 1
169 110 0 1
170 110 0 1
171 110 0 1
172 110 0 1
173 110 0 1
174 110 0 1
175 110 0 1
157 111 0 1
158 111 0 1
159 111 0 1
160 111 0 1
161 111 0 1
162 111 0 1
163 111 0 1
164 111 0 1
165 111 0 1
166 111 0 1
167 111 0 1
168 111 0 1
169 111 0 1
170 111 0 1
171 111 0 1
172 111 0 1
173 111 0 1
174 111 0 1
175 111 0 1
157 112 0 1
158 112 0 1
159 112 0 1
160 112 0 1
161 112 0 1
162 112 0 1
163 112 0 1
164 112 0 1
165 112 0 1
166 112 0 1
167 112 0 1
168 112 0 1
169 112 0 1
170 112 0 1
171 112 0 1
172 112 0 1
173 112 0 1
174 112 0 1
175 112 0 1
158 113 0 1
159 113 0 1
160 113 0 1
161 113 0 1
162 113 0 1
163 113 0 1
164 113 0 1
165 113 0 1
166 113 0 1
167 113 0 1
168 113 0 1
169 113 0 1
170 113 0 1
171 113 0 1
172 113 0 1
173 113 0 1
174 113 0 1
158 114 0 1
159 114 0 1
160 114 0 1
161 114 0 1
162 114 0 1
163 114 0 1
164 114 0 1
165 114 0 1
166 114 0 1
167 114 0 1
168 114 0 1
169 114 0 1
170 114 0 1
171 114 0 1
172 114 0 1
173 114 0 1
174 114 0 1
159 115 0 1
160 115 0 1
161 115 0 1
162 115 0 1
163 115 0 1
164 115 0 1
165 115 0 1
166 115 0 1
167 115 0 1
168 115 0 1
169 115 0 1
170 115 0 1
171 115 0 1
172 115 0 1
173 115 0 1
160 116 0 1
161 116 0 1
162 116 0 1
163 116 0 1
164 116 0 1
165 116 0 1
166 116 0 1
167 116 0 1
168 116 0 1
169 116 0 1
170 116 0 1
171 116 0 1
172 116 0 1
162 117 0 1
163 117 0 1
164 117 0 1
165 117 0 1
166 117 0 1
167 117 0 1
168 117 0 1
169 117 0 1
170 117 0 1
166 118 0 1
187 47 0 2
183 48 0 2
184 48 0 2
185 48 0 2
186 48 0 2
187 48 0 2
188 48 0 2
189 48 0 2
190 48 0 2
191 48 0 2
181 49 0 2
182 49 0 2
183 49 0 2
184 49 0 2
185 49 0 2
186 49 0 2
187 49 0 2
188 49 0 2
189 49 0 2
190 49 0 2
191 49 0 2
192 49 0 2
193 49 0 2
180 50 0 2
181 50 0 2
182 50 0 2
183 50 0 2
184 50 0 2
185 50 0 2
186 50 0 2
187 50 0 2
188 50 0 2
189 50 0 2
190 50 0 2
191 50 0 2
192 50 0 2
193 50 0 2
194 50 0 2
179 51 0 2
180 51 0 2
181 51 0 2
182 51 0 2
183 51 0 2
184 51 0 2
185 51 0 2
186 51 0 2
187 51 0 2
188 51 0 2
189 51 0 2
190 51 0 2
191 51 0 2
192 51 0 2
193 51 0 2
194 51 0 2
195 51 0 2
179 52 0 2
180 52 0 2
181 52 0 2
182 52 0 2
183 52 0 2
184 52 0 2
185 52 0 2
186 52 0 2
187 52 0 2
188 52 0 2
189 52 0 1
190 52 0 1
191 52 0 1
192 52 0 1
193 52 0 2
194 52 0 2
195 52 0 2
178 53 0 2
179 53 0 2
180 53 0 2
181 53 0 2
182 53 0 2
183 53 0 2
184 53 0 2
185 53 0 2
186 53 0 2
187 53 0 2
188 53 0 1
189 53 0 1
190 53 0 1
191 53 0 1
192 53 0 1
193 53 0 1
194 53 0 1
195 53 0 1
196 53 0 1
178 54 0 2
179 54 0 2
180 54 0 2
181 54 0 2
182 54 0 2
183 54 0 2
184 54 0 2
185 54 0 1
186 54 0 1
187 54 0 1
188 54 0 1
189 54 0 1
190 54 0 1
191 54 0 1
192 54 0 1
193 54 0 1
194 54 0 1
195 54 0 1
196 54 0 1
178 55 0 2
179 55 0 2
180 55 0 2
181 55 0 2
182 55 0 2
183 55 0 2
184 55 0 1
185 55 0 1
186 55 0 1
187 55 0 1
188 55 0 1
189 55 0 1
190 55 0 1
191 55 0 1
192 55 0 1
193 55 0 1
194 55 0 1
195 55 0 1
196 55 0 1
178 56 0 2
179 56 0 2
180 56 0 2
181 56 0 2
182 56 0 2
183 56 0 2
184 56 0 1
185 56 0 1
186 56 0 1
187 56 0 1
188 56 0 1
189 56 0 1
190 56 0 1
191 56 0 1
192 56 0 1
193 56 0 1
194 56 0 1
195 56 0 1
196 56 0 1
177 57 0 2
178 57 0 2
179 57 0 2
180 57 0 2
181 57 0 2
182 57 0 1
183 57 0 1
184 57 0 1
185 57 0 1
186 57 0 1
187 57 0 1
188 57 0 1
189 57 0 1
190 57 0 1
191 57 0 1
192 57 0 1
193 57 0 1
194 57 0 1
195 57 0 1
196 57 0 1
197 57 0 1
178 58 0 2
179 58 0 2
180 58 0 1
181 58 0 1
182 58 0 1
183 58 0 1
184 58 0 1
185 58 0 1
186 58 0 1
187 58 0 1
188 58 0 1
189 58 0 1
190 58 0 1
191 58 0 1
192 58 0 1
193 58 0 1
194 58 0 1
195 58 0 1
196 58 0 1
178 59 0 2
179 59 0 2
180 59 0 1
181 59 0 1
182 59 0 1
183 59 0 1
184 59 0 1
185 59 0 1
186 59 0 1
187 59 0 1
188 59 0 1
189 59 0 1
190 59 0 1
191 59 0 1
192 59 0 1
193 59 0 1
194 59 0 1
195 59 0 1
196 59 0 1
178 60 0 2
179 60 0 1
180 60 0 1
181 60 0 1
182 60 0 1
183 60 0 1
184 60 0 1
185 60 0 1
186 60 0 1
187 60 0 1
188 60 0 1
189 60 0 1
190 60 0 1
191 60 0 1
192 60 0 1
193 60 0 1
194 60 0 1
195 60 0 1
196 60 0 1
178 61 0 2
179 61 0 1
180 61 0 1
181 61 0 1
182 61 0 1
183 61 0 1
184 61 0 1
185 61 0 1
186 61 0 1
187 61 0 1
188 61 0 1
189 61 0 1
190 61 0 1
191 61 0 1
192 61 0 1
193 61 0 1
194 61 0 1
195 61 0 1
196 61 0 1
179 62 0 1
180 62 0 1
181 62 0 1
182 62 0 1
183 62 0 1
184 62 0 1
185 62 0 1
186 62 0 1
187 62 0 1
188 62 0 1
189 62 0 1
190 62 0 1
191 62 0 1
192 62 0 1
193 62 0 1
194 62 0 1
195 62 0 1
179 63 0 1
180 63 0 1
181 63 0 1
182 63 0 1
183 63 0 1
184 63 0 1
185 63 0 1
186 63 0 1
187 63 0 1
188 63 0 1
189 63 0 1
190 63 0 1
191 63 0 1
192 63 0 1
193 63 0 1
194 63 0 1
195 63 0 1
180 64 0 1
181 64 0 1
182 64 0 1
183 64 0 1
184 64 0 1
185 64 0 1
186 64 0 1
187 64 0 1
188 64 0 1
189 64 0 1
190 64 0 1
191 64 0 1
192 64 0 1
193 64 0 1
194 64 0 1
181 65 0 1
182 65 0 1
183 65 0 1
184 65 0 1
185 65 0 1
186 65 0 1
187 65 0 1
188 65 0 1
189 65 0 1
190 65 0 1
191 65 0 1
192 65 0 1
193 65 0 1
183 66 0 1
184 66 0 1
185 66 0 1
186 66 0 1
187 66 0 1
188 66 0 1
189 66 0 1
190 66 0 1
191 66 0 1
187 67 0 1
118 185 0 2
114 186 0 2
115 186 0 2
116 186 0 2
117 186 0 2
118 186 0 2
119 186 0 2
120 186 0 2
121 186 0 2
122 186 0 2
112 187 0 2
113 187 0 2
114 187 0 2
115 187 0 2
116 187 0 2
117 187 0 2
118 187 0 2
119 187 0 2
120 187 0 2
121 187 0 2
122 187 0 2
123 187 0 2
124 187 0 2
111 188 0 2
112 188 0 2
113 188 0 2
114 188 0 2
115 188 0 2
116 188 0 2
117 188 0 2
118 188 0 2
119 188 0 2
120 188 0 2
121 188 0 2
122 188 0 2
123 188 0 2
124 188 0 2
125 188 0 2
110 189 0 1
111 189 0 1
112 189 0 1
113 189 0 1
114 189 0 1
115 189 0 2
116 189 0 2
117 189 0 2
118 189 0 2
119 189 0 2
120 189 0 2
121 189 0 2
122 189 0 2
123 189 0 2
124 189 0 2
125 189 0 2
126 189 0 2
110 190 0 1
111 190 0 1
112 190 0 1
113 190 0 1
114 190 0 1
115 190 0 1
116 190 0 1
117 190 0 1
118 190 0 2
119 190 0 2
120 190 0 2
121 190 0 2
122 190 0 2
123 190 0 2
124 190 0 2
125 190 0 2
126 190 0 2
109 191 0 1
110 191 0 1
111 191 0 1
112 191 0 1
113 191 0 1
114 191 0 1
115 191 0 1
116 191 0 1
117 191 0 1
118 191 0 1
119 191 0 1
120 191 0 1
121 191 0 2
122 191 0 1
123 191 0 1
124 191 0 2
125 191 0 2
126 191 0 2
127 191 0 2
109 192 0 1
110 192 0 1
111 192 0 1
112 192 0 1
113 192 0 1
114 192 0 1
115 192 0 1
116 192 0 1
117 192 0 1
118 192 0 1
119 192 0 1
120 192 0 1
121 192 0 1
122 192 0 1
123 192 0 1
124 192 0 1
125 192 0 1
126 192 0 2
127 192 0 2
109 193 0 1
110 193 0 1
111 193 0 1
112 193 0 1
113 193 0 1
114 193 0 1
115 193 0 1
116 193 0 1
117 193 0 1
118 193 0 1
119 193 0 1
120 193 0 1
121 193 0 1
122 193 0 1
123 193 0 1
124 193 0 1
125 193 0 1
126 193 0 1
127 193 0 1
109 194 0 1
110 194 0 1
111 194 0 1
112 194 0 1
113 194 0 1
114 194 0 1
115 194 0 1
116 194 0 1
117 194 0 1
118 194 0 1
119 194 0 1
120 194 0 1
121 194 0 1
122 194 0 1
123 194 0 1
124 194 0 1
125 194 0 1
126 194 0 1
127 194 0 1
108 195 0 1
109 195 0 1
110 195 0 1
111 195 0 1
112 195 0 1
113 195 0 1
114 195 0 1
115 195 0 1
116 195 0 1
117 195 0 1
118 195 0 1
119 195 0 1
120 195 0 1
121 195 0 1
122 195 0 1
123 195 0 1
124 195 0 1
125 195 0 1
126 195 0 1
127 195 0 1
128 195 0 1
109 196 0 1
110 196 0 1
111 196 0 1
112 196 0 1
113 196 0 1
114 196 0 1
115 196 0 1
116 196 0 1
117 196 0 1
118 196 0 1
119 196 0 1
120 196 0 1
121 196 0 1
122 196 0 1
123 196 0 1
124 196 0 1
125 196 0 1
126 196 0 1
127 196 0 1
109 197 0 1
110 197 0 1
111 197 0 1
112 197 0 1
113 197 0 1
114 197 0 1
115 197 0 1
116 197 0 1
117 197 0 1
118 197 0 1
119 197 0 1
120 197 0 1
121 197 0 1
122 197 0 1
123 197 0 1
124 197 0 1
125 197 0 1
126 197 0 1
127 197 0 1
109 198 0 1
110 198 0 1
111 198 0 1
112 198 0 1
113 198 0 1
114 198 0 1
115 198 0 1
116 198 0 1
117 198 0 1
118 198 0 1
119 198 0 1
120 198 0 1
121 198 0 1
122 198 0 1
123 198 0 1
124 198 0 1
125 198 0 1
126 198 0 1
127 198 0 1
109 199 0 1
110 199 0 1
111 199 0 1
112 199 0 1
113 199 0 1
114 199 0 1
115 199 0 1
116 199 0 1
117 199 0 1
118 199 0 1
119 199 0 1
120 199 0 1
121 199 0 1
122 199 0 1
123 199 0 1
124 199 0 1
125 199 0 1
126 199 0 1
127 199 0 1
110 200 0 1
111 200 0 1
112 200 0 1
113 200 0 1
114 200 0 1
115 200 0 1
116 200 0 1
117 200 0 1
118 200 0 1
119 200 0 1
120 200 0 1
121 200 0 1
122 200 0 1
123 200 0 1
124 200 0 1
125 200 0 1
126 200 0 1
110 201 0 1
111 201 0 1
112 201 0 1
113 201 0 1
114 201 0 1
115 201 0 1
116 201 0 1
117 201 0 1
118 201 0 1
119 201 0 1
120 201 0 1
121 201 0 1
122 201 0 1
123 201 0 1
124 201 0 1
125 201 0 1
126 201 0 1
111 202 0 1
112 202 0 1
113 202 0 1
114 202 0 1
115 202 0 1
116 202 0 1
117 202 0 1
118 202 0 1
119 202 0 1
120 202 0 1
121 202 0 1
122 202 0 1
123 202 0 1
124 202 0 1
125 202 0 1
112 203 0 1
113 203 0 1
114 203 0 1
115 203 0 1
116 203 0 1
117 203 0 1
118 203 0 1
119 203 0 1
120 203 0 1
121 203 0 1
122 203 0 1
123 203 0 1
124 203 0 1
114 204 0 1
115 204 0 1
116 204 0 1
117 204 0 1
118 204 0 1
119 204 0 1
120 204 0 1
121 204 0 1
122 204 0 1
118 205 0 1
48 185 0 1
44 186 0 1
45 186 0 1
46 186 0 1
47 186 0 1
48 186 0 1
49 186 0 1
50 186 0 1
51 186 0 1
52 186 0 1
42 187 0 1
43 187 0 1
44 187 0 1
45 187 0 1
46 187 0 1
47 187 0 1
48 187 0 2
49 187 0 2
50 187 0 2
51 187 0 2
52 187 0 2
53 187 0 2
54 187 0 2
41 188 0 1
42 188 0 1
43 188 0 1
44 188 0 1
45 188 0 1
46 188 0 2
47 188 0 2
48 188 0 2
49 188 0 2
50 188 0 2
51 188 0 2
52 188 0 2
53 188 0 2
54 188 0 2
55 188 0 2
40 189 0 1
41 189 0 1
42 189 0 2
43 189 0 2
44 189 0 2
45 189 0 2
46 189 0 2
47 189 0 2
48 189 0 2
49 189 0 2
50 189 0 2
51 189 0 2
52 189 0 2
53 189 0 2
54 189 0 2
55 189 0 2
56 189 0 2
40 190 0 1
41 190 0 1
42 190 0 2
43 190 0 2
44 190 0 2
45 190 0 2
46 190 0 2
47 190 0 2
48 190 0 2
49 190 0 2
50 190 0 2
51 190 0 2
52 190 0 2
53 190 0 2
54 190 0 2
55 190 0 2
56 190 0 2
39 191 0 2
40 191 0 2
41 191 0 2
42 191 0 2
43 191 0 2
44 191 0 2
45 191 0 2
46 191 0 2
47 191 0 2
48 191 0 2
49 191 0 2
50 191 0 2
51 191 0 2
52 191 0 2
53 191 0 2
54 191 0 2
55 191 0 2
56 191 0 2
57 191 0 2
39 192 0 2
40 192 0 2
41 192 0 2
42 192 0 2
43 192 0 2
44 192 0 2
45 192 0 2
46 192 0 2
47 192 0 2
48 192 0 2
49 192 0 2
50 192 0 2
51 192 0 2
52 192 0 2
53 192 0 2
54 192 0 2
55 192 0 2
56 192 0 2
57 192 0 2
39 193 0 2
40 193 0 2
41 193 0 2
42 193 0 2
43 193 0 2
44 193 0 2
45 193 0 2
46 193 0 2
47 193 0 2
48 193 0 2
49 193 0 2
50 193 0 2
51 193 0 2
52 193 0 2
53 193 0 2
54 193 0 2
55 193 0 2
56 193 0 2
57 193 0 2
39 194 0 2
40 194 0 2
41 194 0 2
42 194 0 2
43 194 0 2
44 194 0 2
45 194 0 2
46 194 0 2
47 194 0 2
48 194 0 2
49 194 0 2
50 194 0 2
51 194 0 2
52 194 0 2
53 194 0 2
54 194 0 2
55 194 0 2
56 194 0 2
57 194 0 2
38 195 0 2
39 195 0 2
40 195 0 2
41 195 0 2
42 195 0 2
43 195 0 2
44 195 0 1
45 195 0 1
46 195 0 1
47 195 0 1
48 195 0 2
49 195 0 2
50 195 0 2
51 195 0 2
52 195 0 2
53 195 0 2
54 195 0 2
55 195 0 2
56 195 0 2
57 195 0 1
58 195 0 1
39 196 0 2
40 196 0 2
41 196 0 2
42 196 0 1
43 196 0 1
44 196 0 1
45 196 0 1
46 196 0 1
47 196 0 1
48 196 0 2
49 196 0 2
50 196 0 2
51 196 0 2
52 196 0 2
53 196 0 2
54 196 0 2
55 196 0 1
56 196 0 1
57 196 0 1
39 197 0 1
40 197 0 1
41 197 0 1
42 197 0 1
43 197 0 1
44 197 0 1
45 197 0 1
46 197 0 1
47 197 0 2
48 197 0 2
49 197 0 2
50 197 0 2
51 197 0 2
52 197 0 2
53 197 0 2
54 197 0 2
55 197 0 1
56 197 0 1
57 197 0 1
39 198 0 1
40 198 0 1
41 198 0 1
42 198 0 1
43 198 0 1
44 198 0 1
45 198 0 1
46 198 0 2
47 198 0 2
48 198 0 2
49 198 0 2
50 198 0 2
51 198 0 2
52 198 0 2
53 198 0 2
54 198 0 1
55 198 0 1
56 198 0 1
57 198 0 1
39 199 0 1
40 199 0 1
41 199 0 1
42 199 0 1
43 199 0 1
44 199 0 1
45 199 0 1
46 199 0 2
47 199 0 2
48 199 0 2
49 199 0 2
50 199 0 2
51 199 0 2
52 199 0 2
53 199 0 1
54 199 0 1
55 199 0 1
56 199 0 1
57 199 0 1
40 200 0 1
41 200 0 1
42 200 0 1
43 200 0 1
44 200 0 1
45 200 0 1
46 200 0 2
47 200 0 2
48 200 0 2
49 200 0 2
50 200 0 2
51 200 0 2
52 200 0 2
53 200 0 1
54 200 0 1
55 200 0 1
56 200 0 1
40 201 0 1
41 201 0 1
42 201 0 1
43 201 0 1
44 201 0 1
45 201 0 2
46 201 0 2
47 201 0 2
48 201 0 2
49 201 0 2
50 201 0 2
51 201 0 2
52 201 0 1
53 201 0 1
54 201 0 1
55 201 0 1
56 201 0 1
41 202 0 1
42 202 0 1
43 202 0 1
44 202 0 2
45 202 0 2
46 202 0 2
47 202 0 2
48 202 0 2
49 202 0 2
50 202 0 2
51 202 0 1
52 202 0 1
53 202 0 1
54 202 0 1
55 202 0 1
42 203 0 1
43 203 0 1
44 203 0 2
45 203 0 2
46 203 0 2
47 203 0 2
48 203 0 2
49 203 0 2
50 203 0 2
51 203 0 1
52 203 0 1
53 203 0 1
54 203 0 1
44 204 0 2
45 204 0 2
46 204 0 2
47 204 0 2
48 204 0 2
49 204 0 1
50 204 0 1
51 204 0 1
52 204 0 1
48 205 0 2
