54 24 0 1
50 25 0 1
51 25 0 1
52 25 0 1
53 25 0 1
54 25 0 1
55 25 0 1
56 25 0 1
57 25 0 1
58 25 0 1
48 26 0 1
49 26 0 1
50 26 0 1
51 26 0 1
52 26 0 1
53 26 0 1
54 26 0 1
55 26 0 1
56 26 0 1
57 26 0 1
58 26 0 1
59 26 0 1
60 26 0 1
47 27 0 1
48 27 0 1
49 27 0 1
50 27 0 1
51 27 0 1
52 27 0 1
53 27 0 1
54 27 0 1
55 27 0 1
56 27 0 1
57 27 0 1
58 27 0 1
59 27 0 1
60 27 0 1
61 27 0 1
46 28 0 1
47 28 0 1
48 28 0 1
49 28 0 1
50 28 0 1
51 28 0 1
52 28 0 1
53 28 0 1
54 28 0 1
55 28 0 1
56 28 0 1
57 28 0 1
58 28 0 1
59 28 0 1
60 28 0 1
61 28 0 1
62 28 0 1
46 29 0 1
47 29 0 1
48 29 0 1
49 29 0 1
50 29 0 1
51 29 0 1
52 29 0 1
53 29 0 1
54 29 0 1
55 29 0 1
56 29 0 1
57 29 0 1
58 29 0 1
59 29 0 1
60 29 0 2
61 29 0 2
62 29 0 2
45 30 0 1
46 30 0 1
47 30 0 1
48 30 0 1
49 30 0 1
50 30 0 1
51 30 0 1
52 30 0 1
53 30 0 1
54 30 0 1
55 30 0 1
56 30 0 1
57 30 0 1
58 30 0 2
59 30 0 2
60 30 0 2
61 30 0 2
62 30 0 2
63 30 0 2
45 31 0 1
46 31 0 1
47 31 0 1
48 31 0 1
49 31 0 1
50 31 0 1
51 31 0 1
52 31 0 1
53 31 0 1
54 31 0 1
55 31 0 2
56 31 0 2
57 31 0 2
58 31 0 2
59 31 0 2
60 31 0 2
61 31 0 2
62 31 0 2
63 31 0 2
45 32 0 1
46 32 0 1
47 32 0 1
48 32 0 1
49 32 0 1
50 32 0 1
51 32 0 2
52 32 0 2
53 32 0 2
54 32 0 2
55 32 0 2
56 32 0 2
57 32 0 2
58 32 0 2
59 32 0 2
60 32 0 2
61 32 0 2
62 32 0 2
63 32 0 2
45 33 0 1
46 33 0 1
47 33 0 1
48 33 0 1
49 33 0 2
50 33 0 2
51 33 0 2
52 33 0 2
53 33 0 2
54 33 0 2
55 33 0 2
56 33 0 2
57 33 0 2
58 33 0 2
59 33 0 2
60 33 0 2
61 33 0 2
62 33 0 2
63 33 0 2
44 34 0 1
45 34 0 1
46 34 0 1
47 34 0 1
48 34 0 2
49 34 0 2
50 34 0 2
51 34 0 2
52 34 0 2
53 34 0 2
54 34 0 2
55 34 0 2
56 34 0 2
57 34 0 2
58 34 0 2
59 34 0 2
60 34 0 2
61 34 0 2
62 34 0 2
63 34 0 2
64 34 0 1
45 35 0 1
46 35 0 1
47 35 0 2
48 35 0 2
49 35 0 2
50 35 0 2
51 35 0 2
52 35 0 2
53 35 0 2
54 35 0 2
55 35 0 2
56 35 0 2
57 35 0 2
58 35 0 2
59 35 0 2
60 35 0 2
61 35 0 2
62 35 0 1
63 35 0 1
45 36 0 1
46 36 0 2
47 36 0 2
48 36 0 2
49 36 0 2
50 36 0 2
51 36 0 2
52 36 0 2
53 36 0 2
54 36 0 2
55 36 0 2
56 36 0 2
57 36 0 2
58 36 0 2
59 36 0 2
60 36 0 2
61 36 0 1
62 36 0 1
63 36 0 1
45 37 0 2
46 37 0 2
47 37 0 2
48 37 0 2
49 37 0 2
50 37 0 2
51 37 0 2
52 37 0 2
53 37 0 2
54 37 0 2
55 37 0 2
56 37 0 2
57 37 0 2
58 37 0 1
59 37 0 1
60 37 0 1
61 37 0 1
62 37 0 1
63 37 0 1
45 38 0 2
46 38 0 2
47 38 0 2
48 38 0 2
49 38 0 2
50 38 0 2
51 38 0 2
52 38 0 2
53 38 0 2
54 38 0 2
55 38 0 2
56 38 0 1
57 38 0 1
58 38 0 1
59 38 0 1
60 38 0 1
61 38 0 1
62 38 0 1
63 38 0 1
46 39 0 2
47 39 0 2
48 39 0 2
49 39 0 2
50 39 0 2
51 39 0 2
52 39 0 2
53 39 0 1
54 39 0 1
55 39 0 1
56 39 0 1
57 39 0 1
58 39 0 1
59 39 0 1
60 39 0 1
61 39 0 1
62 39 0 1
46 40 0 2
47 40 0 2
48 40 0 2
49 40 0 2
50 40 0 2
51 40 0 1
52 40 0 1
53 40 0 1
54 40 0 1
55 40 0 1
56 40 0 1
57 40 0 1
58 40 0 1
59 40 0 1
60 40 0 1
61 40 0 1
62 40 0 1
47 41 0 2
48 41 0 2
49 41 0 2
50 41 0 1
51 41 0 1
52 41 0 1
53 41 0 1
54 41 0 1
55 41 0 1
56 41 0 1
57 41 0 1
58 41 0 1
59 41 0 1
60 41 0 1
61 41 0 1
48 42 0 2
49 42 0 1
50 42 0 1
51 42 0 1
52 42 0 1
53 42 0 1
54 42 0 1
55 42 0 1
56 42 0 1
57 42 0 1
58 42 0 1
59 42 0 1
60 42 0 1
50 43 0 1
51 43 0 1
52 43 0 1
53 43 0 1
54 43 0 1
55 43 0 1
56 43 0 1
57 43 0 1
58 43 0 1
54 44 0 1
133 33 0 1
129 34 0 1
130 34 0 1
131 34 0 1
132 34 0 1
133 34 0 1
134 34 0 1
135 34 0 1
136 34 0 1
137 34 0 1
127 35 0 1
128 35 0 1
129 35 0 1
130 35 0 1
131 35 0 1
132 35 0 1
133 35 0 1
134 35 0 1
135 35 0 1
136 35 0 1
137 35 0 1
138 35 0 1
139 35 0 1
126 36 0 1
127 36 0 1
128 36 0 1
129 36 0 1
130 36 0 1
131 36 0 1
132 36 0 1
133 36 0 1
134 36 0 1
135 36 0 1
136 36 0 1
137 36 0 1
138 36 0 1
139 36 0 1
140 36 0 1
125 37 0 1
126 37 0 1
127 37 0 1
128 37 0 1
129 37 0 1
130 37 0 1
131 37 0 1
132 37 0 1
133 37 0 1
134 37 0 1
135 37 0 1
136 37 0 1
137 37 0 1
138 37 0 1
139 37 0 1
140 37 0 1
141 37 0 1
125 38 0 2
126 38 0 2
127 38 0 2
128 38 0 2
129 38 0 1
130 38 0 1
131 38 0 1
132 38 0 1
133 38 0 1
134 38 0 1
135 38 0 1
136 38 0 1
137 38 0 1
138 38 0 1
139 38 0 1
140 38 0 1
141 38 0 1
124 39 0 2
125 39 0 2
126 39 0 2
127 39 0 2
128 39 0 2
129 39 0 2
130 39 0 2
131 39 0 2
132 39 0 2
133 39 0 2
134 39 0 2
135 39 0 1
136 39 0 1
137 39 0 1
138 39 0 1
139 39 0 1
140 39 0 1
141 39 0 1
142 39 0 1
124 40 0 2
125 40 0 2
126 40 0 2
127 40 0 2
128 40 0 2
129 40 0 2
130 40 0 2
131 40 0 2
132 40 0 2
133 40 0 2
134 40 0 2
135 40 0 2
136 40 0 2
137 40 0 2
138 40 0 1
139 40 0 1
140 40 0 1
141 40 0 1
142 40 0 1
124 41 0 2
125 41 0 2
126 41 0 2
127 41 0 2
128 41 0 2
129 41 0 2
130 41 0 2
131 41 0 2
132 41 0 2
133 41 0 2
134 41 0 2
135 41 0 2
136 41 0 2
137 41 0 2
138 41 0 1
139 41 0 1
140 41 0 1
141 41 0 1
142 41 0 1
124 42 0 2
125 42 0 2
126 42 0 2
127 42 0 2
128 42 0 2
129 42 0 2
130 42 0 2
131 42 0 2
132 42 0 2
133 42 0 2
134 42 0 2
135 42 0 2
136 42 0 2
137 42 0 2
138 42 0 2
139 42 0 2
140 42 0 2
141 42 0 2
142 42 0 2
123 43 0 2
124 43 0 2
125 43 0 2
126 43 0 2
127 43 0 2
128 43 0 2
129 43 0 2
130 43 0 2
131 43 0 2
132 43 0 2
133 43 0 2
134 43 0 2
135 43 0 2
136 43 0 2
137 43 0 2
138 43 0 2
139 43 0 2
140 43 0 2
141 43 0 2
142 43 0 2
143 43 0 2
124 44 0 2
125 44 0 2
126 44 0 2
127 44 0 2
128 44 0 2
129 44 0 2
130 44 0 2
131 44 0 2
132 44 0 2
133 44 0 2
134 44 0 2
135 44 0 2
136 44 0 2
137 44 0 2
138 44 0 2
139 44 0 2
140 44 0 2
141 44 0 2
142 44 0 2
124 45 0 2
125 45 0 2
126 45 0 2
127 45 0 2
128 45 0 2
129 45 0 2
130 45 0 2
131 45 0 2
132 45 0 2
133 45 0 2
134 45 0 2
135 45 0 2
136 45 0 2
137 45 0 2
138 45 0 2
139 45 0 2
140 45 0 2
141 45 0 2
142 45 0 2
124 46 0 1
125 46 0 1
126 46 0 1
127 46 0 1
128 46 0 1
129 46 0 1
130 46 0 1
131 46 0 1
132 46 0 2
133 46 0 2
134 46 0 2
135 46 0 2
136 46 0 2
137 46 0 2
138 46 0 2
139 46 0 2
140 46 0 2
141 46 0 2
142 46 0 2
124 47 0 1
125 47 0 1
126 47 0 1
127 47 0 1
128 47 0 1
129 47 0 1
130 47 0 1
131 47 0 1
132 47 0 1
133 47 0 1
134 47 0 1
135 47 0 1
136 47 0 2
137 47 0 2
138 47 0 2
139 47 0 2
140 47 0 2
141 47 0 2
142 47 0 2
125 48 0 1
126 48 0 1
127 48 0 1
128 48 0 1
129 48 0 1
130 48 0 1
131 48 0 1
132 48 0 1
133 48 0 1
134 48 0 1
135 48 0 1
136 48 0 1
137 48 0 2
138 48 0 2
139 48 0 2
140 48 0 2
141 48 0 2
125 49 0 1
126 49 0 1
127 49 0 1
128 49 0 1
129 49 0 1
130 49 0 1
131 49 0 1
132 49 0 1
133 49 0 1
134 49 0 1
135 49 0 1
136 49 0 1
137 49 0 1
138 49 0 1
139 49 0 1
140 49 0 1
141 49 0 2
126 50 0 1
127 50 0 1
128 50 0 1
129 50 0 1
130 50 0 1
131 50 0 1
132 50 0 1
133 50 0 1
134 50 0 1
135 50 0 1
136 50 0 1
137 50 0 1
138 50 0 1
139 50 0 1
140 50 0 1
127 51 0 1
128 51 0 1
129 51 0 1
130 51 0 1
131 51 0 1
132 51 0 1
133 51 0 1
134 51 0 1
135 51 0 1
136 51 0 1
137 51 0 1
138 51 0 1
139 51 0 1
129 52 0 1
130 52 0 1
131 52 0 1
132 52 0 1
133 52 0 1
134 52 0 1
135 52 0 1
136 52 0 1
137 52 0 1
133 53 0 1
205 64 0 1
201 65 0 1
202 65 0 1
203 65 0 1
204 65 0 1
205 65 0 1
206 65 0 1
207 65 0 1
208 65 0 1
209 65 0 1
199 66 0 1
200 66 0 1
201 66 0 1
202 66 0 1
203 66 0 1
204 66 0 1
205 66 0 1
206 66 0 1
207 66 0 1
208 66 0 1
209 66 0 1
210 66 0 1
211 66 0 1
198 67 0 1
199 67 0 1
200 67 0 1
201 67 0 1
202 67 0 1
203 67 0 1
204 67 0 1
205 67 0 1
206 67 0 1
207 67 0 1
208 67 0 1
209 67 0 1
210 67 0 1
211 67 0 1
212 67 0 1
197 68 0 1
198 68 0 1
199 68 0 1
200 68 0 1
201 68 0 1
202 68 0 1
203 68 0 1
204 68 0 1
205 68 0 1
206 68 0 1
207 68 0 1
208 68 0 1
209 68 0 1
210 68 0 1
211 68 0 1
212 68 0 2
213 68 0 2
197 69 0 1
198 69 0 1
199 69 0 1
200 69 0 1
201 69 0 1
202 69 0 1
203 69 0 1
204 69 0 1
205 69 0 1
206 69 0 1
207 69 0 1
208 69 0 1
209 69 0 1
210 69 0 1
211 69 0 1
212 69 0 2
213 69 0 2
196 70 0 1
197 70 0 1
198 70 0 1
199 70 0 1
200 70 0 1
201 70 0 1
202 70 0 1
203 70 0 1
204 70 0 1
205 70 0 1
206 70 0 1
207 70 0 1
208 70 0 2
209 70 0 2
210 70 0 2
211 70 0 2
212 70 0 2
213 70 0 2
214 70 0 2
196 71 0 1
197 71 0 1
198 71 0 1
199 71 0 1
200 71 0 1
201 71 0 1
202 71 0 1
203 71 0 1
204 71 0 1
205 71 0 1
206 71 0 2
207 71 0 2
208 71 0 2
209 71 0 2
210 71 0 2
211 71 0 2
212 71 0 2
213 71 0 2
214 71 0 2
196 72 0 1
197 72 0 1
198 72 0 1
199 72 0 1
200 72 0 1
201 72 0 1
202 72 0 1
203 72 0 1
204 72 0 1
205 72 0 1
206 72 0 2
207 72 0 2
208 72 0 2
209 72 0 2
210 72 0 2
211 72 0 2
212 72 0 2
213 72 0 2
214 72 0 2
196 73 0 1
197 73 0 1
198 73 0 1
199 73 0 1
200 73 0 1
201 73 0 1
202 73 0 1
203 73 0 1
204 73 0 2
205 73 0 2
206 73 0 2
207 73 0 2
208 73 0 2
209 73 0 2
210 73 0 2
211 73 0 2
212 73 0 2
213 73 0 2
214 73 0 2
195 74 0 1
196 74 0 1
197 74 0 1
198 74 0 1
199 74 0 1
200 74 0 1
201 74 0 1
202 74 0 2
203 74 0 2
204 74 0 2
205 74 0 2
206 74 0 2
207 74 0 2
208 74 0 2
209 74 0 2
210 74 0 2
211 74 0 2
212 74 0 2
213 74 0 2
214 74 0 2
215 74 0 2
196 75 0 1
197 75 0 1
198 75 0 1
199 75 0 1
200 75 0 1
201 75 0 2
202 75 0 2
203 75 0 2
204 75 0 2
205 75 0 2
206 75 0 2
207 75 0 2
208 75 0 2
209 75 0 2
210 75 0 2
211 75 0 2
212 75 0 2
213 75 0 2
214 75 0 2
196 76 0 1
197 76 0 1
198 76 0 1
199 76 0 1
200 76 0 2
201 76 0 2
202 76 0 2
203 76 0 2
204 76 0 2
205 76 0 2
206 76 0 2
207 76 0 2
208 76 0 2
209 76 0 2
210 76 0 2
211 76 0 2
212 76 0 2
213 76 0 2
214 76 0 1
196 77 0 1
197 77 0 1
198 77 0 2
199 77 0 2
200 77 0 2
201 77 0 2
202 77 0 2
203 77 0 2
204 77 0 2
205 77 0 2
206 77 0 2
207 77 0 2
208 77 0 2
209 77 0 2
210 77 0 2
211 77 0 2
212 77 0 1
213 77 0 1
214 77 0 1
196 78 0 1
197 78 0 2
198 78 0 2
199 78 0 2
200 78 0 2
201 78 0 2
202 78 0 2
203 78 0 2
204 78 0 2
205 78 0 2
206 78 0 2
207 78 0 2
208 78 0 2
209 78 0 2
210 78 0 2
211 78 0 1
212 78 0 1
213 78 0 1
214 78 0 1
197 79 0 2
198 79 0 2
199 79 0 2
200 79 0 2
201 79 0 2
202 79 0 2
203 79 0 2
204 79 0 2
205 79 0 2
206 79 0 2
207 79 0 2
208 79 0 2
209 79 0 1
210 79 0 1
211 79 0 1
212 79 0 1
213 79 0 1
197 80 0 2
198 80 0 2
199 80 0 2
200 80 0 2
201 80 0 2
202 80 0 2
203 80 0 2
204 80 0 2
205 80 0 2
206 80 0 2
207 80 0 2
208 80 0 2
209 80 0 1
210 80 0 1
211 80 0 1
212 80 0 1
213 80 0 1
198 81 0 2
199 81 0 2
200 81 0 2
201 81 0 2
202 81 0 2
203 81 0 2
204 81 0 2
205 81 0 2
206 81 0 2
207 81 0 2
208 81 0 1
209 81 0 1
210 81 0 1
211 81 0 1
212 81 0 1
199 82 0 2
200 82 0 2
201 82 0 2
202 82 0 2
203 82 0 2
204 82 0 2
205 82 0 2
206 82 0 1
207 82 0 1
208 82 0 1
209 82 0 1
210 82 0 1
211 82 0 1
201 83 0 2
202 83 0 1
203 83 0 1
204 83 0 1
205 83 0 1
206 83 0 1
207 83 0 1
208 83 0 1
209 83 0 1
205 84 0 1
148 115 0 1
144 116 0 1
145 116 0 1
146 116 0 1
147 116 0 1
148 116 0 1
149 116 0 1
150 116 0 1
151 116 0 1
152 116 0 1
142 117 0 1
143 117 0 1
144 117 0 1
145 117 0 1
146 117 0 1
147 117 0 1
148 117 0 1
149 117 0 1
150 117 0 1
151 117 0 1
152 117 0 1
153 117 0 1
154 117 0 1
141 118 0 1
142 118 0 1
143 118 0 1
144 118 0 1
145 118 0 1
146 118 0 1
147 118 0 1
148 118 0 1
149 118 0 1
150 118 0 1
151 118 0 1
152 118 0 1
153 118 0 1
154 118 0 1
155 118 0 1
140 119 0 1
141 119 0 1
142 119 0 1
143 119 0 1
144 119 0 1
145 119 0 1
146 119 0 1
147 119 0 1
148 119 0 1
149 119 0 1
150 119 0 1
151 119 0 1
152 119 0 1
153 119 0 1
154 119 0 1
155 119 0 1
156 119 0 1
140 120 0 1
141 120 0 1
142 120 0 1
143 120 0 1
144 120 0 1
145 120 0 1
146 120 0 1
147 120 0 1
148 120 0 1
149 120 0 1
150 120 0 1
151 120 0 1
152 120 0 1
153 120 0 1
154 120 0 1
155 120 0 1
156 120 0 1
139 121 0 1
140 121 0 1
141 121 0 1
142 121 0 1
143 121 0 1
144 121 0 1
145 121 0 1
146 121 0 1
147 121 0 1
148 121 0 1
149 121 0 1
150 121 0 1
151 121 0 1
152 121 0 1
153 121 0 1
154 121 0 1
155 121 0 1
156 121 0 1
157 121 0 1
139 122 0 1
140 122 0 1
141 122 0 1
142 122 0 1
143 122 0 1
144 122 0 1
145 122 0 1
146 122 0 1
147 122 0 1
148 122 0 1
149 122 0 1
150 122 0 1
151 122 0 1
152 122 0 1
153 122 0 1
154 122 0 1
155 122 0 1
156 122 0 2
157 122 0 2
139 123 0 1
140 123 0 1
141 123 0 1
142 123 0 1
143 123 0 1
144 123 0 1
145 123 0 1
146 123 0 1
147 123 0 1
148 123 0 1
149 123 0 1
150 123 0 1
151 123 0 1
152 123 0 1
153 123 0 2
154 123 0 2
155 123 0 2
156 123 0 2
157 123 0 2
139 124 0 1
140 124 0 1
141 124 0 1
142 124 0 1
143 124 0 1
144 124 0 1
145 124 0 1
146 124 0 1
147 124 0 2
148 124 0 2
149 124 0 2
150 124 0 2
151 124 0 2
152 124 0 2
153 124 0 2
154 124 0 2
155 124 0 2
156 124 0 2
157 124 0 2
138 125 0 1
139 125 0 1
140 125 0 2
141 125 0 2
142 125 0 2
143 125 0 2
144 125 0 2
145 125 0 2
146 125 0 2
147 125 0 2
148 125 0 2
149 125 0 2
150 125 0 2
151 125 0 2
152 125 0 2
153 125 0 2
154 125 0 2
155 125 0 2
156 125 0 2
157 125 0 2
158 125 0 2
139 126 0 2
140 126 0 2
141 126 0 2
142 126 0 2
143 126 0 2
144 126 0 2
145 126 0 2
146 126 0 2
147 126 0 2
148 126 0 2
149 126 0 2
150 126 0 2
151 126 0 2
152 126 0 2
153 126 0 2
154 126 0 2
155 126 0 2
156 126 0 2
157 126 0 2
139 127 0 2
140 127 0 2
141 127 0 2
142 127 0 2
143 127 0 2
144 127 0 2
145 127 0 2
146 127 0 2
147 127 0 2
148 127 0 2
149 127 0 2
150 127 0 2
151 127 0 2
152 127 0 2
153 127 0 2
154 127 0 2
155 127 0 2
156 127 0 2
157 127 0 2
139 128 0 2
140 128 0 2
141 128 0 2
142 128 0 2
143 128 0 2
144 128 0 2
145 128 0 2
146 128 0 2
147 128 0 2
148 128 0 2
149 128 0 2
150 128 0 2
151 128 0 2
152 128 0 2
153 128 0 2
154 128 0 2
155 128 0 2
156 128 0 2
157 128 0 2
139 129 0 2
140 129 0 2
141 129 0 2
142 129 0 2
143 129 0 2
144 129 0 2
145 129 0 2
146 129 0 2
147 129 0 2
148 129 0 2
149 129 0 2
150 129 0 2
151 129 0 2
152 129 0 2
153 129 0 2
154 129 0 2
155 129 0 2
156 129 0 2
157 129 0 2
140 130 0 2
141 130 0 2
142 130 0 2
143 130 0 2
144 130 0 2
145 130 0 2
146 130 0 2
147 130 0 2
148 130 0 2
149 130 0 2
150 130 0 2
151 130 0 2
152 130 0 2
153 130 0 2
154 130 0 2
155 130 0 2
156 130 0 2
140 131 0 2
141 131 0 2
142 131 0 2
143 131 0 2
144 131 0 2
145 131 0 2
146 131 0 2
147 131 0 2
148 131 0 2
149 131 0 1
150 131 0 1
151 131 0 1
152 131 0 1
153 131 0 1
154 131 0 1
155 131 0 2
156 131 0 1
141 132 0 1
142 132 0 1
143 132 0 1
144 132 0 1
145 132 0 1
146 132 0 1
147 132 0 1
148 132 0 1
149 132 0 1
150 132 0 1
151 132 0 1
152 132 0 1
153 132 0 1
154 132 0 1
155 132 0 1
142 133 0 1
143 133 0 1
144 133 0 1
145 133 0 1
146 133 0 1
147 133 0 1
148 133 0 1
149 133 0 1
150 133 0 1
151 133 0 1
152 133 0 1
153 133 0 1
154 133 0 1
144 134 0 1
145 134 0 1
146 134 0 1
147 134 0 1
148 134 0 1
149 134 0 1
150 134 0 1
151 134 0 1
152 134 0 1
148 135 0 1
72 142 0 1
68 143 0 2
69 143 0 2
70 143 0 2
71 143 0 1
72 143 0 1
73 143 0 1
74 143 0 1
75 143 0 1
76 143 0 1
66 144 0 2
67 144 0 2
68 144 0 2
69 144 0 2
70 144 0 2
71 144 0 2
72 144 0 1
73 144 0 1
74 144 0 1
75 144 0 1
76 144 0 1
77 144 0 1
78 144 0 1
65 145 0 2
66 145 0 2
67 145 0 2
68 145 0 2
69 145 0 2
70 145 0 2
71 145 0 2
72 145 0 1
73 145 0 1
74 145 0 1
75 145 0 1
76 145 0 1
77 145 0 1
78 145 0 1
79 145 0 1
64 146 0 2
65 146 0 2
66 146 0 2
67 146 0 2
68 146 0 2
69 146 0 2
70 146 0 2
71 146 0 2
72 146 0 2
73 146 0 1
74 146 0 1
75 146 0 1
76 146 0 1
77 146 0 1
78 146 0 1
79 146 0 1
80 146 0 1
64 147 0 2
65 147 0 2
66 147 0 2
67 147 0 2
68 147 0 2
69 147 0 2
70 147 0 2
71 147 0 2
72 147 0 2
73 147 0 2
74 147 0 2
75 147 0 1
76 147 0 1
77 147 0 1
78 147 0 1
79 147 0 1
80 147 0 1
63 148 0 1
64 148 0 1
65 148 0 1
66 148 0 1
67 148 0 1
68 148 0 2
69 148 0 2
70 148 0 2
71 148 0 2
72 148 0 2
73 148 0 2
74 148 0 2
75 148 0 2
76 148 0 1
77 148 0 1
78 148 0 1
79 148 0 1
80 148 0 1
81 148 0 1
63 149 0 1
64 149 0 1
65 149 0 1
66 149 0 1
67 149 0 1
68 149 0 2
69 149 0 2
70 149 0 2
71 149 0 2
72 149 0 2
73 149 0 2
74 149 0 2
75 149 0 2
76 149 0 1
77 149 0 1
78 149 0 1
79 149 0 1
80 149 0 1
81 149 0 1
63 150 0 1
64 150 0 1
65 150 0 1
66 150 0 1
67 150 0 1
68 150 0 2
69 150 0 2
70 150 0 2
71 150 0 2
72 150 0 2
73 150 0 2
74 150 0 2
75 150 0 2
76 150 0 1
77 150 0 1
78 150 0 1
79 150 0 1
80 150 0 1
81 150 0 1
63 151 0 1
64 151 0 1
65 151 0 1
66 151 0 1
67 151 0 1
68 151 0 1
69 151 0 2
70 151 0 2
71 151 0 2
72 151 0 2
73 151 0 2
74 151 0 2
75 151 0 2
76 151 0 2
77 151 0 1
78 151 0 1
79 151 0 1
80 151 0 2
81 151 0 2
62 152 0 1
63 152 0 1
64 152 0 1
65 152 0 1
66 152 0 1
67 152 0 1
68 152 0 2
69 152 0 2
70 152 0 2
71 152 0 2
72 152 0 2
73 152 0 2
74 152 0 2
75 152 0 2
76 152 0 2
77 152 0 2
78 152 0 2
79 152 0 2
80 152 0 2
81 152 0 2
82 152 0 2
63 153 0 2
64 153 0 2
65 153 0 2
66 153 0 2
67 153 0 2
68 153 0 2
69 153 0 2
70 153 0 2
71 153 0 2
72 153 0 2
73 153 0 2
74 153 0 2
75 153 0 2
76 153 0 2
77 153 0 2
78 153 0 2
79 153 0 2
80 153 0 2
81 153 0 2
63 154 0 2
64 154 0 2
65 154 0 2
66 154 0 2
67 154 0 2
68 154 0 2
69 154 0 2
70 154 0 2
71 154 0 2
72 154 0 2
73 154 0 2
74 154 0 2
75 154 0 2
76 154 0 2
77 154 0 2
78 154 0 2
79 154 0 2
80 154 0 2
81 154 0 2
63 155 0 2
64 155 0 2
65 155 0 2
66 155 0 2
67 155 0 2
68 155 0 2
69 155 0 2
70 155 0 2
71 155 0 2
72 155 0 2
73 155 0 2
74 155 0 2
75 155 0 2
76 155 0 2
77 155 0 2
78 155 0 2
79 155 0 2
80 155 0 2
81 155 0 2
63 156 0 2
64 156 0 2
65 156 0 2
66 156 0 2
67 156 0 2
68 156 0 2
69 156 0 2
70 156 0 2
71 156 0 2
72 156 0 2
73 156 0 2
74 156 0 2
75 156 0 2
76 156 0 2
77 156 0 2
78 156 0 2
79 156 0 2
80 156 0 2
81 156 0 2
64 157 0 2
65 157 0 2
66 157 0 2
67 157 0 2
68 157 0 2
69 157 0 2
70 157 0 2
71 157 0 2
72 157 0 2
73 157 0 2
74 157 0 2
75 157 0 2
76 157 0 2
77 157 0 2
78 157 0 2
79 157 0 2
80 157 0 2
64 158 0 2
65 158 0 2
66 158 0 2
67 158 0 2
68 158 0 2
69 158 0 2
70 158 0 2
71 158 0 2
72 158 0 2
73 158 0 2
74 158 0 2
75 158 0 2
76 158 0 2
77 158 0 2
78 158 0 2
79 158 0 2
80 158 0 2
65 159 0 1
66 159 0 1
67 159 0 1
68 159 0 1
69 159 0 1
70 159 0 1
71 159 0 1
72 159 0 1
73 159 0 1
74 159 0 1
75 159 0 1
76 159 0 1
77 159 0 2
78 159 0 2
79 159 0 2
66 160 0 1
67 160 0 1
68 160 0 1
69 160 0 1
70 160 0 1
71 160 0 1
72 160 0 1
73 160 0 1
74 160 0 1
75 160 0 1
76 160 0 1
77 160 0 1
78 160 0 1
68 161 0 1
69 161 0 1
70 161 0 1
71 161 0 1
72 161 0 1
73 161 0 1
74 161 0 1
75 161 0 1
76 161 0 1
72 162 0 1
138 182 0 1
134 183 0 1
135 183 0 1
136 183 0 1
137 183 0 1
138 183 0 1
139 183 0 1
140 183 0 1
141 183 0 1
142 183 0 1
132 184 0 1
133 184 0 1
134 184 0 1
135 184 0 1
136 184 0 1
137 184 0 1
138 184 0 1
139 184 0 1
140 184 0 1
141 184 0 1
142 184 0 1
143 184 0 1
144 184 0 1
131 185 0 1
132 185 0 1
133 185 0 1
134 185 0 1
135 185 0 1
136 185 0 1
137 185 0 1
138 185 0 1
139 185 0 1
140 185 0 1
141 185 0 1
142 185 0 1
143 185 0 1
144 185 0 2
145 185 0 2
130 186 0 2
131 186 0 1
132 186 0 1
133 186 0 1
134 186 0 1
135 186 0 1
136 186 0 1
137 186 0 1
138 186 0 1
139 186 0 1
140 186 0 1
141 186 0 1
142 186 0 1
143 186 0 2
144 186 0 2
145 186 0 2
146 186 0 2
130 187 0 2
131 187 0 1
132 187 0 1
133 187 0 1
134 187 0 1
135 187 0 1
136 187 0 1
137 187 0 1
138 187 0 1
139 187 0 1
140 187 0 1
141 187 0 2
142 187 0 2
143 187 0 2
144 187 0 2
145 187 0 2
146 187 0 2
129 188 0 2
130 188 0 2
131 188 0 2
132 188 0 1
133 188 0 1
134 188 0 1
135 188 0 1
136 188 0 1
137 188 0 1
138 188 0 1
139 188 0 1
140 188 0 1
141 188 0 2
142 188 0 2
143 188 0 2
144 188 0 2
145 188 0 2
146 188 0 2
147 188 0 2
129 189 0 2
130 189 0 2
131 189 0 2
132 189 0 2
133 189 0 2
134 189 0 1
135 189 0 1
136 189 0 1
137 189 0 1
138 189 0 2
139 189 0 2
140 189 0 2
141 189 0 2
142 189 0 2
143 189 0 2
144 189 0 2
145 189 0 2
146 189 0 2
147 189 0 2
129 190 0 2
130 190 0 2
131 190 0 2
132 190 0 2
133 190 0 2
134 190 0 1
135 190 0 1
136 190 0 1
137 190 0 1
138 190 0 2
139 190 0 2
140 190 0 2
141 190 0 2
142 190 0 2
143 190 0 2
144 190 0 2
145 190 0 2
146 190 0 2
147 190 0 2
129 191 0 2
130 191 0 2
131 191 0 2
132 191 0 2
133 191 0 2
134 191 0 2
135 191 0 2
136 191 0 2
137 191 0 2
138 191 0 2
139 191 0 2
140 191 0 2
141 191 0 2
142 191 0 2
143 191 0 2
144 191 0 2
145 191 0 2
146 191 0 1
147 191 0 1
128 192 0 2
129 192 0 2
130 192 0 2
131 192 0 2
132 192 0 2
133 192 0 2
134 192 0 2
135 192 0 2
136 192 0 2
137 192 0 2
138 192 0 2
139 192 0 2
140 192 0 2
141 192 0 2
142 192 0 2
143 192 0 2
144 192 0 2
145 192 0 2
146 192 0 1
147 192 0 1
148 192 0 1
129 193 0 2
130 193 0 2
131 193 0 2
132 193 0 2
133 193 0 2
134 193 0 2
135 193 0 2
136 193 0 2
137 193 0 2
138 193 0 2
139 193 0 2
140 193 0 2
141 193 0 2
142 193 0 2
143 193 0 1
144 193 0 1
145 193 0 1
146 193 0 1
147 193 0 1
129 194 0 1
130 194 0 1
131 194 0 1
132 194 0 2
133 194 0 2
134 194 0 2
135 194 0 2
136 194 0 2
137 194 0 2
138 194 0 2
139 194 0 2
140 194 0 2
141 194 0 2
142 194 0 2
143 194 0 1
144 194 0 1
145 194 0 1
146 194 0 1
147 194 0 1
129 195 0 1
130 195 0 1
131 195 0 1
132 195 0 2
133 195 0 2
134 195 0 2
135 195 0 2
136 195 0 2
137 195 0 2
138 195 0 2
139 195 0 2
140 195 0 2
141 195 0 2
142 195 0 2
143 195 0 1
144 195 0 1
145 195 0 1
146 195 0 1
147 195 0 1
129 196 0 1
130 196 0 1
131 196 0 1
132 196 0 1
133 196 0 1
134 196 0 2
135 196 0 2
136 196 0 2
137 196 0 2
138 196 0 2
139 196 0 2
140 196 0 2
141 196 0 2
142 196 0 2
143 196 0 2
144 196 0 1
145 196 0 1
146 196 0 1
147 196 0 1
130 197 0 1
131 197 0 1
132 197 0 1
133 197 0 1
134 197 0 1
135 197 0 1
136 197 0 2
137 197 0 2
138 197 0 2
139 197 0 2
140 197 0 2
141 197 0 2
142 197 0 2
143 197 0 2
144 197 0 2
145 197 0 1
146 197 0 1
130 198 0 1
131 198 0 1
132 198 0 1
133 198 0 1
134 198 0 1
135 198 0 1
136 198 0 1
137 198 0 2
138 198 0 2
139 198 0 2
140 198 0 2
141 198 0 2
142 198 0 2
143 198 0 2
144 198 0 2
145 198 0 1
146 198 0 1
131 199 0 1
132 199 0 1
133 199 0 1
134 199 0 1
135 199 0 1
136 199 0 1
137 199 0 2
138 199 0 2
139 199 0 2
140 199 0 2
141 199 0 2
142 199 0 2
143 199 0 2
144 199 0 2
145 199 0 2
132 200 0 1
133 200 0 1
134 200 0 1
135 200 0 1
136 200 0 1
137 200 0 2
138 200 0 2
139 200 0 2
140 200 0 2
141 200 0 2
142 200 0 2
143 200 0 2
144 200 0 2
134 201 0 1
135 201 0 1
136 201 0 1
137 201 0 1
138 201 0 1
139 201 0 2
140 201 0 2
141 201 0 2
142 201 0 2
138 202 0 1
214 201 0 1
210 202 0 2
211 202 0 2
212 202 0 2
213 202 0 2
214 202 0 1
215 202 0 1
216 202 0 1
217 202 0 1
218 202 0 1
208 203 0 2
209 203 0 2
210 203 0 2
211 203 0 2
212 203 0 2
213 203 0 2
214 203 0 2
215 203 0 1
216 203 0 1
217 203 0 1
218 203 0 1
219 203 0 1
220 203 0 1
207 204 0 2
208 204 0 2
209 204 0 2
210 204 0 2
211 204 0 2
212 204 0 2
213 204 0 2
214 204 0 2
215 204 0 2
216 204 0 1
217 204 0 1
218 204 0 1
219 204 0 1
220 204 0 1
221 204 0 1
206 205 0 2
207 205 0 2
208 205 0 2
209 205 0 2
210 205 0 2
211 205 0 2
212 205 0 2
213 205 0 2
214 205 0 2
215 205 0 2
216 205 0 2
217 205 0 1
218 205 0 1
219 205 0 1
220 205 0 1
221 205 0 1
222 205 0 1
206 206 0 2
207 206 0 2
208 206 0 2
209 206 0 2
210 206 0 2
211 206 0 2
212 206 0 2
213 206 0 2
214 206 0 2
215 206 0 2
216 206 0 2
217 206 0 2
218 206 0 1
219 206 0 1
220 206 0 1
221 206 0 1
222 206 0 1
205 207 0 1
206 207 0 2
207 207 0 2
208 207 0 2
209 207 0 2
210 207 0 2
211 207 0 2
212 207 0 2
213 207 0 2
214 207 0 2
215 207 0 2
216 207 0 2
217 207 0 2
218 207 0 1
219 207 0 1
220 207 0 1
221 207 0 1
222 207 0 1
223 207 0 1
205 208 0 1
206 208 0 1
207 208 0 1
208 208 0 1
209 208 0 2
210 208 0 2
211 208 0 2
212 208 0 2
213 208 0 2
214 208 0 2
215 208 0 2
216 208 0 2
217 208 0 2
218 208 0 2
219 208 0 2
220 208 0 2
221 208 0 1
222 208 0 1
223 208 0 1
205 209 0 1
206 209 0 1
207 209 0 1
208 209 0 1
209 209 0 1
210 209 0 1
211 209 0 2
212 209 0 2
213 209 0 2
214 209 0 2
215 209 0 2
216 209 0 2
217 209 0 2
218 209 0 2
219 209 0 2
220 209 0 2
221 209 0 2
222 209 0 2
223 209 0 1
205 210 0 1
206 210 0 1
207 210 0 1
208 210 0 1
209 210 0 1
210 210 0 1
211 210 0 1
212 210 0 2
213 210 0 2
214 210 0 2
215 210 0 2
216 210 0 2
217 210 0 2
218 210 0 2
219 210 0 2
220 210 0 2
221 210 0 2
222 210 0 2
223 210 0 2
204 211 0 1
205 211 0 1
206 211 0 1
207 211 0 1
208 211 0 1
209 211 0 1
210 211 0 1
211 211 0 1
212 211 0 1
213 211 0 2
214 211 0 2
215 211 0 2
216 211 0 2
217 211 0 2
218 211 0 2
219 211 0 2
220 211 0 2
221 211 0 2
222 211 0 2
223 211 0 2
224 211 0 2
205 212 0 1
206 212 0 1
207 212 0 1
208 212 0 1
209 212 0 1
210 212 0 1
211 212 0 1
212 212 0 1
213 212 0 1
214 212 0 1
215 212 0 2
216 212 0 2
217 212 0 2
218 212 0 2
219 212 0 2
220 212 0 2
221 212 0 2
222 212 0 2
223 212 0 2
205 213 0 1
206 213 0 1
207 213 0 1
208 213 0 1
209 213 0 1
210 213 0 1
211 213 0 1
212 213 0 1
213 213 0 1
214 213 0 1
215 213 0 2
216 213 0 2
217 213 0 2
218 213 0 2
219 213 0 2
220 213 0 2
221 213 0 2
222 213 0 2
223 213 0 2
205 214 0 1
206 214 0 1
207 214 0 1
208 214 0 1
209 214 0 1
210 214 0 1
211 214 0 1
212 214 0 1
213 214 0 1
214 214 0 1
215 214 0 1
216 214 0 2
217 214 0 2
218 214 0 2
219 214 0 2
220 214 0 2
221 214 0 2
222 214 0 2
223 214 0 2
205 215 0 1
206 215 0 1
207 215 0 1
208 215 0 1
209 215 0 1
210 215 0 1
211 215 0 1
212 215 0 1
213 215 0 1
214 215 0 1
215 215 0 1
216 215 0 1
217 215 0 1
218 215 0 2
219 215 0 2
220 215 0 2
221 215 0 2
222 215 0 2
223 215 0 2
206 216 0 1
207 216 0 1
208 216 0 1
209 216 0 1
210 216 0 1
211 216 0 1
212 216 0 1
213 216 0 1
214 216 0 1
215 216 0 1
216 216 0 1
217 216 0 1
218 216 0 1
219 216 0 2
220 216 0 2
221 216 0 2
222 216 0 2
206 217 0 1
207 217 0 1
208 217 0 1
209 217 0 1
210 217 0 1
211 217 0 1
212 217 0 1
213 217 0 1
214 217 0 1
215 217 0 1
216 217 0 1
217 217 0 1
218 217 0 1
219 217 0 2
220 217 0 2
221 217 0 2
222 217 0 2
207 218 0 1
208 218 0 1
209 218 0 1
210 218 0 1
211 218 0 1
212 218 0 1
213 218 0 1
214 218 0 1
215 218 0 1
216 218 0 1
217 218 0 1
218 218 0 1
219 218 0 1
220 218 0 1
221 218 0 1
208 219 0 1
209 219 0 1
210 219 0 1
211 219 0 1
212 219 0 1
213 219 0 1
214 219 0 1
215 219 0 1
216 219 0 1
217 219 0 1
218 219 0 1
219 219 0 1
220 219 0 1
210 220 0 1
211 220 0 1
212 220 0 1
213 220 0 1
214 220 0 1
215 220 0 1
216 220 0 1
217 220 0 1
218 220 0 1
214 221 0 1
30 212 0 1
26 213 0 1
27 213 0 1
28 213 0 1
29 213 0 1
30 213 0 1
31 213 0 1
32 213 0 1
33 213 0 1
34 213 0 1
24 214 0 1
25 214 0 1
26 214 0 1
27 214 0 1
28 214 0 1
29 214 0 1
30 214 0 1
31 214 0 1
32 214 0 1
33 214 0 1
34 214 0 1
35 214 0 1
36 214 0 1
23 215 0 1
24 215 0 1
25 215 0 1
26 215 0 1
27 215 0 1
28 215 0 1
29 215 0 1
30 215 0 1
31 215 0 1
32 215 0 1
33 215 0 1
34 215 0 1
35 215 0 1
36 215 0 1
37 215 0 1
22 216 0 1
23 216 0 1
24 216 0 1
25 216 0 1
26 216 0 1
27 216 0 1
28 216 0 1
29 216 0 1
30 216 0 1
31 216 0 1
32 216 0 1
33 216 0 1
34 216 0 1
35 216 0 1
36 216 0 2
37 216 0 2
38 216 0 2
22 217 0 1
23 217 0 1
24 217 0 1
25 217 0 1
26 217 0 1
27 217 0 1
28 217 0 1
29 217 0 1
30 217 0 1
31 217 0 1
32 217 0 1
33 217 0 1
34 217 0 1
35 217 0 1
36 217 0 2
37 217 0 2
38 217 0 2
21 218 0 1
22 218 0 1
23 218 0 1
24 218 0 1
25 218 0 1
26 218 0 1
27 218 0 1
28 218 0 1
29 218 0 1
30 218 0 1
31 218 0 1
32 218 0 1
33 218 0 1
34 218 0 2
35 218 0 2
36 218 0 2
37 218 0 2
38 218 0 2
39 218 0 2
21 219 0 1
22 219 0 1
23 219 0 1
24 219 0 1
25 219 0 1
26 219 0 1
27 219 0 1
28 219 0 1
29 219 0 1
30 219 0 1
31 219 0 1
32 219 0 1
33 219 0 1
34 219 0 2
35 219 0 2
36 219 0 2
37 219 0 2
38 219 0 2
39 219 0 2
21 220 0 1
22 220 0 1
23 220 0 1
24 220 0 1
25 220 0 1
26 220 0 1
27 220 0 1
28 220 0 1
29 220 0 1
30 220 0 1
31 220 0 1
32 220 0 2
33 220 0 2
34 220 0 2
35 220 0 2
36 220 0 2
37 220 0 2
38 220 0 2
39 220 0 2
21 221 0 1
22 221 0 1
23 221 0 1
24 221 0 1
25 221 0 1
26 221 0 1
27 221 0 1
28 221 0 1
29 221 0 1
30 221 0 1
31 221 0 1
32 221 0 2
33 221 0 2
34 221 0 2
35 221 0 2
36 221 0 2
37 221 0 2
38 221 0 2
39 221 0 2
20 222 0 1
21 222 0 1
22 222 0 1
23 222 0 1
24 222 0 1
25 222 0 1
26 222 0 1
27 222 0 1
28 222 0 1
29 222 0 2
30 222 0 2
31 222 0 2
32 222 0 2
33 222 0 2
34 222 0 2
35 222 0 2
36 222 0 2
37 222 0 2
38 222 0 2
39 222 0 2
40 222 0 2
21 223 0 1
22 223 0 1
23 223 0 1
24 223 0 1
25 223 0 2
26 223 0 2
27 223 0 2
28 223 0 2
29 223 0 2
30 223 0 2
31 223 0 2
32 223 0 2
33 223 0 2
34 223 0 2
35 223 0 2
36 223 0 2
37 223 0 2
38 223 0 2
39 223 0 2
21 224 0 2
22 224 0 2
23 224 0 2
24 224 0 2
25 224 0 2
26 224 0 2
27 224 0 2
28 224 0 2
29 224 0 2
30 224 0 2
31 224 0 2
32 224 0 2
33 224 0 2
34 224 0 2
35 224 0 2
36 224 0 2
37 224 0 2
38 224 0 2
39 224 0 1
21 225 0 2
22 225 0 2
23 225 0 2
24 225 0 2
25 225 0 2
26 225 0 2
27 225 0 2
28 225 0 2
29 225 0 2
30 225 0 2
31 225 0 2
32 225 0 2
33 225 0 2
34 225 0 2
35 225 0 2
36 225 0 2
37 225 0 2
38 225 0 1
39 225 0 1
21 226 0 2
22 226 0 2
23 226 0 2
24 226 0 2
25 226 0 2
26 226 0 2
27 226 0 2
28 226 0 2
29 226 0 2
30 226 0 2
31 226 0 2
32 226 0 2
33 226 0 2
34 226 0 1
35 226 0 1
36 226 0 1
37 226 0 1
38 226 0 1
39 226 0 1
22 227 0 2
23 227 0 2
24 227 0 2
25 227 0 2
26 227 0 2
27 227 0 2
28 227 0 2
29 227 0 2
30 227 0 2
31 227 0 2
32 227 0 1
33 227 0 1
34 227 0 1
35 227 0 1
36 227 0 1
37 227 0 1
38 227 0 1
22 228 0 2
23 228 0 2
24 228 0 2
25 228 0 2
26 228 0 2
27 228 0 2
28 228 0 2
29 228 0 2
30 228 0 2
31 228 0 2
32 228 0 1
33 228 0 1
34 228 0 1
35 228 0 1
36 228 0 1
37 228 0 1
38 228 0 1
23 229 0 2
24 229 0 2
25 229 0 2
26 229 0 2
27 229 0 2
28 229 0 2
29 229 0 1
30 229 0 1
31 229 0 1
32 229 0 1
33 229 0 1
34 229 0 1
35 229 0 1
36 229 0 1
37 229 0 1
24 230 0 1
25 230 0 1
26 230 0 1
27 230 0 1
28 230 0 1
29 230 0 1
30 230 0 1
31 230 0 1
32 230 0 1
33 230 0 1
34 230 0 1
35 230 0 1
36 230 0 1
26 231 0 1
27 231 0 1
28 231 0 1
29 231 0 1
30 231 0 1
31 231 0 1
32 231 0 1
33 231 0 1
34 231 0 1
30 232 0 1
30 88 0 1
26 89 0 1
27 89 0 1
28 89 0 1
29 89 0 1
30 89 0 1
31 89 0 1
32 89 0 1
33 89 0 1
34 89 0 1
24 90 0 1
25 90 0 1
26 90 0 1
27 90 0 1
28 90 0 1
29 90 0 1
30 90 0 1
31 90 0 1
32 90 0 1
33 90 0 1
34 90 0 1
35 90 0 1
36 90 0 1
23 91 0 2
24 91 0 2
25 91 0 1
26 91 0 1
27 91 0 1
28 91 0 1
29 91 0 1
30 91 0 1
31 91 0 1
32 91 0 1
33 91 0 1
34 91 0 1
35 91 0 1
36 91 0 1
37 91 0 1
22 92 0 2
23 92 0 2
24 92 0 2
25 92 0 2
26 92 0 1
27 92 0 1
28 92 0 1
29 92 0 1
30 92 0 1
31 92 0 1
32 92 0 1
33 92 0 1
34 92 0 1
35 92 0 1
36 92 0 1
37 92 0 1
38 92 0 1
22 93 0 2
23 93 0 2
24 93 0 2
25 93 0 2
26 93 0 2
27 93 0 1
28 93 0 1
29 93 0 1
30 93 0 1
31 93 0 1
32 93 0 1
33 93 0 1
34 93 0 1
35 93 0 1
36 93 0 1
37 93 0 1
38 93 0 1
21 94 0 2
22 94 0 2
23 94 0 2
24 94 0 2
25 94 0 2
26 94 0 2
27 94 0 1
28 94 0 1
29 94 0 1
30 94 0 1
31 94 0 1
32 94 0 1
33 94 0 1
34 94 0 1
35 94 0 1
36 94 0 1
37 94 0 1
38 94 0 1
39 94 0 1
21 95 0 2
22 95 0 2
23 95 0 2
24 95 0 2
25 95 0 2
26 95 0 2
27 95 0 2
28 95 0 2
29 95 0 1
30 95 0 1
31 95 0 1
32 95 0 1
33 95 0 1
34 95 0 1
35 95 0 1
36 95 0 1
37 95 0 1
38 95 0 1
39 95 0 1
21 96 0 2
22 96 0 2
23 96 0 2
24 96 0 2
25 96 0 2
26 96 0 2
27 96 0 2
28 96 0 2
29 96 0 2
30 96 0 2
31 96 0 1
32 96 0 1
33 96 0 1
34 96 0 1
35 96 0 1
36 96 0 1
37 96 0 1
38 96 0 1
39 96 0 1
21 97 0 1
22 97 0 2
23 97 0 2
24 97 0 2
25 97 0 2
26 97 0 2
27 97 0 2
28 97 0 2
29 97 0 2
30 97 0 2
31 97 0 2
32 97 0 1
33 97 0 1
34 97 0 1
35 97 0 1
36 97 0 1
37 97 0 1
38 97 0 1
39 97 0 1
20 98 0 1
21 98 0 1
22 98 0 1
23 98 0 1
24 98 0 2
25 98 0 2
26 98 0 2
27 98 0 2
28 98 0 2
29 98 0 2
30 98 0 2
31 98 0 2
32 98 0 2
33 98 0 2
34 98 0 1
35 98 0 1
36 98 0 1
37 98 0 1
38 98 0 1
39 98 0 1
40 98 0 1
21 99 0 1
22 99 0 1
23 99 0 1
24 99 0 2
25 99 0 2
26 99 0 2
27 99 0 2
28 99 0 2
29 99 0 2
30 99 0 2
31 99 0 2
32 99 0 2
33 99 0 2
34 99 0 2
35 99 0 2
36 99 0 2
37 99 0 2
38 99 0 2
39 99 0 2
21 100 0 1
22 100 0 1
23 100 0 1
24 100 0 1
25 100 0 2
26 100 0 2
27 100 0 2
28 100 0 2
29 100 0 2
30 100 0 2
31 100 0 2
32 100 0 2
33 100 0 2
34 100 0 2
35 100 0 2
36 100 0 2
37 100 0 2
38 100 0 2
39 100 0 2
21 101 0 1
22 101 0 1
23 101 0 1
24 101 0 1
25 101 0 1
26 101 0 1
27 101 0 2
28 101 0 2
29 101 0 2
30 101 0 2
31 101 0 2
32 101 0 2
33 101 0 2
34 101 0 2
35 101 0 2
36 101 0 2
37 101 0 2
38 101 0 2
39 101 0 2
21 102 0 1
22 102 0 1
23 102 0 1
24 102 0 1
25 102 0 1
26 102 0 1
27 102 0 1
28 102 0 1
29 102 0 2
30 102 0 2
31 102 0 2
32 102 0 2
33 102 0 2
34 102 0 2
35 102 0 2
36 102 0 2
37 102 0 2
38 102 0 2
39 102 0 2
22 103 0 1
23 103 0 1
24 103 0 1
25 103 0 1
26 103 0 1
27 103 0 1
28 103 0 1
29 103 0 1
30 103 0 2
31 103 0 2
32 103 0 2
33 103 0 2
34 103 0 2
35 103 0 2
36 103 0 2
37 103 0 2
38 103 0 2
22 104 0 1
23 104 0 1
24 104 0 1
25 104 0 1
26 104 0 1
27 104 0 1
28 104 0 1
29 104 0 1
30 104 0 2
31 104 0 2
32 104 0 2
33 104 0 2
34 104 0 2
35 104 0 2
36 104 0 2
37 104 0 2
38 104 0 2
23 105 0 1
24 105 0 1
25 105 0 1
26 105 0 1
27 105 0 1
28 105 0 1
29 105 0 1
30 105 0 1
31 105 0 2
32 105 0 2
33 105 0 2
34 105 0 2
35 105 0 2
36 105 0 2
37 105 0 2
24 106 0 1
25 106 0 1
26 106 0 1
27 106 0 1
28 106 0 1
29 106 0 1
30 106 0 1
31 106 0 1
32 106 0 1
33 106 0 2
34 106 0 2
35 106 0 2
36 106 0 2
26 107 0 1
27 107 0 1
28 107 0 1
29 107 0 1
30 107 0 1
31 107 0 1
32 107 0 1
33 107 0 1
34 107 0 1
30 108 0 1
