35 16 0 1
32 17 0 1
33 17 0 1
34 17 0 1
35 17 0 1
36 17 0 1
37 17 0 1
38 17 0 1
31 18 0 1
32 18 0 1
33 18 0 1
34 18 0 1
35 18 0 1
36 18 0 1
37 18 0 1
38 18 0 1
39 18 0 1
31 19 0 1
32 19 0 1
33 19 0 1
34 19 0 1
35 19 0 1
36 19 0 1
37 19 0 1
38 19 0 1
39 19 0 1
31 20 0 1
32 20 0 1
33 20 0 1
34 20 0 1
35 20 0 1
36 20 0 1
37 20 0 1
38 20 0 1
39 20 0 1
30 21 0 1
31 21 0 1
32 21 0 1
33 21 0 1
34 21 0 1
35 21 0 1
36 21 0 1
37 21 0 1
38 21 0 1
39 21 0 1
40 21 0 1
31 22 0 1
32 22 0 1
33 22 0 1
34 22 0 1
35 22 0 1
36 22 0 1
37 22 0 1
38 22 0 1
39 22 0 1
31 23 0 1
32 23 0 1
33 23 0 1
34 23 0 1
35 23 0 1
36 23 0 1
37 23 0 1
38 23 0 1
39 23 0 1
31 24 0 1
32 24 0 1
33 24 0 1
34 24 0 1
35 24 0 1
36 24 0 1
37 24 0 1
38 24 0 1
39 24 0 1
32 25 0 1
33 25 0 1
34 25 0 1
35 25 0 1
36 25 0 1
37 25 0 1
38 25 0 1
35 26 0 1
63 44 0 1
60 45 0 1
61 45 0 1
62 45 0 1
63 45 0 1
64 45 0 1
65 45 0 1
66 45 0 1
59 46 0 1
60 46 0 1
61 46 0 1
62 46 0 1
63 46 0 1
64 46 0 1
65 46 0 1
66 46 0 1
67 46 0 1
59 47 0 1
60 47 0 1
61 47 0 1
62 47 0 1
63 47 0 1
64 47 0 1
65 47 0 1
66 47 0 1
67 47 0 1
59 48 0 1
60 48 0 1
61 48 0 1
62 48 0 1
63 48 0 1
64 48 0 1
65 48 0 1
66 48 0 1
67 48 0 1
58 49 0 1
59 49 0 1
60 49 0 1
61 49 0 1
62 49 0 1
63 49 0 1
64 49 0 1
65 49 0 1
66 49 0 1
67 49 0 1
68 49 0 1
59 50 0 1
60 50 0 1
61 50 0 1
62 50 0 1
63 50 0 1
64 50 0 1
65 50 0 1
66 50 0 1
67 50 0 1
59 51 0 1
60 51 0 1
61 51 0 1
62 51 0 1
63 51 0 1
64 51 0 1
65 51 0 1
66 51 0 1
67 51 0 1
59 52 0 1
60 52 0 1
61 52 0 1
62 52 0 1
63 52 0 1
64 52 0 1
65 52 0 1
66 52 0 1
67 52 0 1
60 53 0 1
61 53 0 1
62 53 0 1
63 53 0 1
64 53 0 1
65 53 0 1
66 53 0 1
63 54 0 1
108 49 0 1
105 50 0 1
106 50 0 1
107 50 0 1
108 50 0 1
109 50 0 1
110 50 0 1
111 50 0 1
104 51 0 1
105 51 0 1
106 51 0 1
107 51 0 1
108 51 0 1
109 51 0 1
110 51 0 1
111 51 0 1
112 51 0 1
104 52 0 1
105 52 0 1
106 52 0 1
107 52 0 1
108 52 0 1
109 52 0 1
110 52 0 1
111 52 0 1
112 52 0 1
104 53 0 1
105 53 0 1
106 53 0 1
107 53 0 1
108 53 0 1
109 53 0 1
110 53 0 1
111 53 0 1
112 53 0 1
103 54 0 1
104 54 0 1
105 54 0 1
106 54 0 1
107 54 0 1
108 54 0 1
109 54 0 1
110 54 0 1
111 54 0 1
112 54 0 1
113 54 0 1
104 55 0 1
105 55 0 1
106 55 0 1
107 55 0 1
108 55 0 1
109 55 0 1
110 55 0 1
111 55 0 1
112 55 0 1
104 56 0 1
105 56 0 1
106 56 0 1
107 56 0 1
108 56 0 1
109 56 0 1
110 56 0 1
111 56 0 1
112 56 0 1
104 57 0 1
105 57 0 1
106 57 0 1
107 57 0 1
108 57 0 1
109 57 0 1
110 57 0 1
111 57 0 1
112 57 0 1
105 58 0 1
106 58 0 1
107 58 0 1
108 58 0 1
109 58 0 1
110 58 0 1
111 58 0 1
108 59 0 1
146 60 0 1
143 61 0 1
144 61 0 1
145 61 0 1
146 61 0 1
147 61 0 1
148 61 0 1
149 61 0 1
142 62 0 1
143 62 0 2
144 62 0 2
145 62 0 2
146 62 0 2
147 62 0 2
148 62 0 2
149 62 0 2
150 62 0 2
142 63 0 2
143 63 0 2
144 63 0 2
145 63 0 2
146 63 0 2
147 63 0 2
148 63 0 2
149 63 0 2
150 63 0 2
142 64 0 2
143 64 0 2
144 64 0 2
145 64 0 2
146 64 0 2
147 64 0 2
148 64 0 2
149 64 0 2
150 64 0 2
141 65 0 2
142 65 0 2
143 65 0 2
144 65 0 2
145 65 0 2
146 65 0 2
147 65 0 2
148 65 0 2
149 65 0 2
150 65 0 2
151 65 0 2
142 66 0 2
143 66 0 2
144 66 0 2
145 66 0 2
146 66 0 2
147 66 0 2
148 66 0 2
149 66 0 2
150 66 0 2
142 67 0 2
143 67 0 2
144 67 0 2
145 67 0 2
146 67 0 2
147 67 0 2
148 67 0 2
149 67 0 2
150 67 0 2
142 68 0 2
143 68 0 2
144 68 0 2
145 68 0 2
146 68 0 2
147 68 0 1
148 68 0 1
149 68 0 1
150 68 0 1
143 69 0 2
144 69 0 2
145 69 0 1
146 69 0 1
147 69 0 1
148 69 0 1
149 69 0 1
146 70 0 1
84 98 0 2
81 99 0 2
82 99 0 2
83 99 0 1
84 99 0 1
85 99 0 1
86 99 0 1
87 99 0 1
80 100 0 1
81 100 0 1
82 100 0 1
83 100 0 1
84 100 0 1
85 100 0 1
86 100 0 1
87 100 0 1
88 100 0 1
80 101 0 1
81 101 0 1
82 101 0 1
83 101 0 1
84 101 0 1
85 101 0 1
86 101 0 1
87 101 0 1
88 101 0 1
80 102 0 1
81 102 0 1
82 102 0 1
83 102 0 1
84 102 0 1
85 102 0 1
86 102 0 1
87 102 0 1
88 102 0 1
79 103 0 1
80 103 0 1
81 103 0 1
82 103 0 1
83 103 0 1
84 103 0 1
85 103 0 1
86 103 0 1
87 103 0 1
88 103 0 1
89 103 0 1
80 104 0 1
81 104 0 1
82 104 0 1
83 104 0 1
84 104 0 1
85 104 0 1
86 104 0 1
87 104 0 1
88 104 0 1
80 105 0 1
81 105 0 1
82 105 0 1
83 105 0 1
84 105 0 1
85 105 0 1
86 105 0 1
87 105 0 1
88 105 0 1
80 106 0 1
81 106 0 1
82 106 0 1
83 106 0 1
84 106 0 1
85 106 0 1
86 106 0 1
87 106 0 1
88 106 0 1
81 107 0 1
82 107 0 1
83 107 0 1
84 107 0 1
85 107 0 1
86 107 0 1
87 107 0 1
84 108 0 1
