79 62 0 2
76 63 0 2
77 63 0 2
78 63 0 2
79 63 0 2
80 63 0 2
81 63 0 2
82 63 0 1
75 64 0 2
76 64 0 2
77 64 0 2
78 64 0 2
79 64 0 2
80 64 0 2
81 64 0 2
82 64 0 2
83 64 0 1
75 65 0 2
76 65 0 2
77 65 0 2
78 65 0 2
79 65 0 2
80 65 0 2
81 65 0 2
82 65 0 2
83 65 0 2
75 66 0 2
76 66 0 2
77 66 0 2
78 66 0 2
79 66 0 2
80 66 0 2
81 66 0 2
82 66 0 2
83 66 0 2
74 67 0 2
75 67 0 2
76 67 0 2
77 67 0 2
78 67 0 2
79 67 0 2
80 67 0 2
81 67 0 2
82 67 0 2
83 67 0 2
84 67 0 2
75 68 0 1
76 68 0 2
77 68 0 2
78 68 0 2
79 68 0 2
80 68 0 2
81 68 0 2
82 68 0 2
83 68 0 2
75 69 0 1
76 69 0 1
77 69 0 1
78 69 0 1
79 69 0 2
80 69 0 2
81 69 0 2
82 69 0 2
83 69 0 2
75 70 0 1
76 70 0 1
77 70 0 1
78 70 0 1
79 70 0 2
80 70 0 2
81 70 0 2
82 70 0 2
83 70 0 2
76 71 0 1
77 71 0 1
78 71 0 1
79 71 0 1
80 71 0 1
81 71 0 1
82 71 0 1
79 72 0 1
167 77 0 1
164 78 0 1
165 78 0 1
166 78 0 1
167 78 0 1
168 78 0 1
169 78 0 1
170 78 0 1
163 79 0 1
164 79 0 1
165 79 0 1
166 79 0 1
167 79 0 1
168 79 0 1
169 79 0 1
170 79 0 1
171 79 0 1
163 80 0 1
164 80 0 1
165 80 0 1
166 80 0 1
167 80 0 1
168 80 0 1
169 80 0 1
170 80 0 1
171 80 0 1
163 81 0 1
164 81 0 1
165 81 0 1
166 81 0 1
167 81 0 1
168 81 0 1
169 81 0 1
170 81 0 1
171 81 0 1
162 82 0 1
163 82 0 1
164 82 0 1
165 82 0 1
166 82 0 1
167 82 0 1
168 82 0 1
169 82 0 1
170 82 0 1
171 82 0 1
172 82 0 1
163 83 0 1
164 83 0 1
165 83 0 1
166 83 0 1
167 83 0 1
168 83 0 1
169 83 0 1
170 83 0 1
171 83 0 1
163 84 0 1
164 84 0 1
165 84 0 1
166 84 0 1
167 84 0 1
168 84 0 1
169 84 0 1
170 84 0 1
171 84 0 1
163 85 0 1
164 85 0 1
165 85 0 1
166 85 0 1
167 85 0 1
168 85 0 1
169 85 0 1
170 85 0 1
171 85 0 1
164 86 0 1
165 86 0 1
166 86 0 1
167 86 0 1
168 86 0 1
169 86 0 1
170 86 0 1
167 87 0 1
124 103 0 1
121 104 0 1
122 104 0 1
123 104 0 1
124 104 0 1
125 104 0 1
126 104 0 1
127 104 0 1
120 105 0 1
121 105 0 1
122 105 0 1
123 105 0 1
124 105 0 1
125 105 0 1
126 105 0 1
127 105 0 1
128 105 0 1
120 106 0 1
121 106 0 1
122 106 0 1
123 106 0 1
124 106 0 1
125 106 0 1
126 106 0 1
127 106 0 1
128 106 0 1
120 107 0 1
121 107 0 1
122 107 0 1
123 107 0 1
124 107 0 1
125 107 0 1
126 107 0 1
127 107 0 1
128 107 0 1
119 108 0 1
120 108 0 1
121 108 0 1
122 108 0 1
123 108 0 1
124 108 0 1
125 108 0 1
126 108 0 1
127 108 0 1
128 108 0 1
129 108 0 1
120 109 0 1
121 109 0 1
122 109 0 1
123 109 0 1
124 109 0 1
125 109 0 1
126 109 0 1
127 109 0 1
128 109 0 1
120 110 0 1
121 110 0 1
122 110 0 1
123 110 0 1
124 110 0 1
125 110 0 1
126 110 0 1
127 110 0 1
128 110 0 1
120 111 0 1
121 111 0 1
122 111 0 1
123 111 0 1
124 111 0 1
125 111 0 1
126 111 0 1
127 111 0 1
128 111 0 1
121 112 0 1
122 112 0 1
123 112 0 1
124 112 0 1
125 112 0 1
126 112 0 1
127 112 0 1
124 113 0 1
122 55 0 1
119 56 0 1
120 56 0 1
121 56 0 1
122 56 0 1
123 56 0 1
124 56 0 1
125 56 0 1
118 57 0 1
119 57 0 1
120 57 0 1
121 57 0 1
122 57 0 1
123 57 0 1
124 57 0 1
125 57 0 1
126 57 0 1
118 58 0 1
119 58 0 1
120 58 0 1
121 58 0 1
122 58 0 1
123 58 0 1
124 58 0 1
125 58 0 1
126 58 0 1
118 59 0 1
119 59 0 1
120 59 0 1
121 59 0 1
122 59 0 1
123 59 0 1
124 59 0 1
125 59 0 1
126 59 0 1
117 60 0 1
118 60 0 1
119 60 0 1
120 60 0 1
121 60 0 1
122 60 0 1
123 60 0 1
124 60 0 1
125 60 0 1
126 60 0 1
127 60 0 1
118 61 0 1
119 61 0 1
120 61 0 1
121 61 0 1
122 61 0 1
123 61 0 1
124 61 0 1
125 61 0 1
126 61 0 1
118 62 0 1
119 62 0 1
120 62 0 1
121 62 0 1
122 62 0 1
123 62 0 1
124 62 0 1
125 62 0 1
126 62 0 1
118 63 0 1
119 63 0 1
120 63 0 1
121 63 0 1
122 63 0 1
123 63 0 1
124 63 0 1
125 63 0 1
126 63 0 1
119 64 0 1
120 64 0 1
121 64 0 1
122 64 0 1
123 64 0 1
124 64 0 1
125 64 0 1
122 65 0 1
155 19 0 1
152 20 0 1
153 20 0 1
154 20 0 1
155 20 0 1
156 20 0 1
157 20 0 1
158 20 0 1
151 21 0 1
152 21 0 1
153 21 0 1
154 21 0 1
155 21 0 1
156 21 0 1
157 21 0 1
158 21 0 1
159 21 0 1
151 22 0 2
152 22 0 2
153 22 0 1
154 22 0 1
155 22 0 1
156 22 0 1
157 22 0 1
158 22 0 1
159 22 0 1
151 23 0 2
152 23 0 2
153 23 0 2
154 23 0 2
155 23 0 1
156 23 0 1
157 23 0 1
158 23 0 1
159 23 0 1
150 24 0 2
151 24 0 2
152 24 0 2
153 24 0 2
154 24 0 2
155 24 0 2
156 24 0 2
157 24 0 2
158 24 0 1
159 24 0 1
160 24 0 1
151 25 0 2
152 25 0 2
153 25 0 2
154 25 0 2
155 25 0 2
156 25 0 2
157 25 0 2
158 25 0 2
159 25 0 2
151 26 0 2
152 26 0 2
153 26 0 2
154 26 0 2
155 26 0 2
156 26 0 2
157 26 0 2
158 26 0 2
159 26 0 2
151 27 0 2
152 27 0 2
153 27 0 2
154 27 0 2
155 27 0 2
156 27 0 2
157 27 0 2
158 27 0 2
159 27 0 2
152 28 0 2
153 28 0 2
154 28 0 2
155 28 0 2
156 28 0 2
157 28 0 2
158 28 0 2
155 29 0 2
