20 10 0 1
16 11 0 1
17 11 0 1
18 11 0 1
19 11 0 1
20 11 0 1
21 11 0 1
22 11 0 1
23 11 0 1
24 11 0 1
14 12 0 1
15 12 0 1
16 12 0 1
17 12 0 1
18 12 0 1
19 12 0 1
20 12 0 1
21 12 0 1
22 12 0 1
23 12 0 1
24 12 0 1
25 12 0 1
26 12 0 1
13 13 0 1
14 13 0 1
15 13 0 1
16 13 0 1
17 13 0 1
18 13 0 1
19 13 0 1
20 13 0 1
21 13 0 1
22 13 0 1
23 13 0 1
24 13 0 1
25 13 0 1
26 13 0 1
27 13 0 1
12 14 0 1
13 14 0 1
14 14 0 1
15 14 0 1
16 14 0 1
17 14 0 1
18 14 0 1
19 14 0 1
20 14 0 1
21 14 0 1
22 14 0 1
23 14 0 1
24 14 0 1
25 14 0 1
26 14 0 1
27 14 0 1
28 14 0 1
12 15 0 1
13 15 0 1
14 15 0 1
15 15 0 1
16 15 0 1
17 15 0 1
18 15 0 1
19 15 0 1
20 15 0 1
21 15 0 1
22 15 0 1
23 15 0 1
24 15 0 1
25 15 0 1
26 15 0 1
27 15 0 1
28 15 0 1
11 16 0 1
12 16 0 1
13 16 0 1
14 16 0 1
15 16 0 1
16 16 0 1
17 16 0 1
18 16 0 1
19 16 0 1
20 16 0 1
21 16 0 1
22 16 0 1
23 16 0 1
24 16 0 1
25 16 0 1
26 16 0 1
27 16 0 1
28 16 0 1
29 16 0 1
11 17 0 1
12 17 0 1
13 17 0 1
14 17 0 1
15 17 0 1
16 17 0 1
17 17 0 1
18 17 0 1
19 17 0 1
20 17 0 1
21 17 0 1
22 17 0 1
23 17 0 1
24 17 0 1
25 17 0 1
26 17 0 1
27 17 0 1
28 17 0 1
29 17 0 1
11 18 0 1
12 18 0 1
13 18 0 1
14 18 0 1
15 18 0 1
16 18 0 1
17 18 0 1
18 18 0 1
19 18 0 1
20 18 0 1
21 18 0 1
22 18 0 1
23 18 0 1
24 18 0 1
25 18 0 1
26 18 0 1
27 18 0 1
28 18 0 1
29 18 0 1
11 19 0 1
12 19 0 1
13 19 0 1
14 19 0 1
15 19 0 1
16 19 0 1
17 19 0 1
18 19 0 1
19 19 0 1
20 19 0 1
21 19 0 1
22 19 0 1
23 19 0 1
24 19 0 1
25 19 0 1
26 19 0 1
27 19 0 1
28 19 0 1
29 19 0 1
10 20 0 1
11 20 0 1
12 20 0 1
13 20 0 1
14 20 0 1
15 20 0 1
16 20 0 1
17 20 0 1
18 20 0 1
19 20 0 1
20 20 0 1
21 20 0 1
22 20 0 1
23 20 0 1
24 20 0 1
25 20 0 1
26 20 0 1
27 20 0 1
28 20 0 1
29 20 0 1
30 20 0 1
11 21 0 1
12 21 0 1
13 21 0 1
14 21 0 1
15 21 0 1
16 21 0 1
17 21 0 1
18 21 0 1
19 21 0 1
20 21 0 1
21 21 0 1
22 21 0 1
23 21 0 1
24 21 0 1
25 21 0 1
26 21 0 1
27 21 0 1
28 21 0 1
29 21 0 1
11 22 0 1
12 22 0 1
13 22 0 1
14 22 0 1
15 22 0 1
16 22 0 1
17 22 0 1
18 22 0 1
19 22 0 1
20 22 0 1
21 22 0 1
22 22 0 1
23 22 0 1
24 22 0 1
25 22 0 1
26 22 0 1
27 22 0 1
28 22 0 1
29 22 0 1
11 23 0 1
12 23 0 1
13 23 0 1
14 23 0 1
15 23 0 1
16 23 0 1
17 23 0 1
18 23 0 1
19 23 0 1
20 23 0 1
21 23 0 1
22 23 0 1
23 23 0 1
24 23 0 1
25 23 0 1
26 23 0 1
27 23 0 1
28 23 0 1
29 23 0 1
11 24 0 1
12 24 0 1
13 24 0 1
14 24 0 1
15 24 0 1
16 24 0 1
17 24 0 1
18 24 0 1
19 24 0 1
20 24 0 1
21 24 0 1
22 24 0 1
23 24 0 1
24 24 0 1
25 24 0 1
26 24 0 1
27 24 0 1
28 24 0 1
29 24 0 1
12 25 0 1
13 25 0 1
14 25 0 1
15 25 0 1
16 25 0 1
17 25 0 1
18 25 0 1
19 25 0 1
20 25 0 1
21 25 0 1
22 25 0 1
23 25 0 1
24 25 0 1
25 25 0 1
26 25 0 1
27 25 0 1
28 25 0 1
12 26 0 1
13 26 0 1
14 26 0 1
15 26 0 1
16 26 0 1
17 26 0 1
18 26 0 1
19 26 0 1
20 26 0 1
21 26 0 1
22 26 0 1
23 26 0 1
24 26 0 1
25 26 0 1
26 26 0 1
27 26 0 1
28 26 0 1
13 27 0 1
14 27 0 1
15 27 0 1
16 27 0 1
17 27 0 1
18 27 0 1
19 27 0 1
20 27 0 1
21 27 0 1
22 27 0 1
23 27 0 1
24 27 0 1
25 27 0 1
26 27 0 1
27 27 0 1
14 28 0 1
15 28 0 1
16 28 0 1
17 28 0 1
18 28 0 1
19 28 0 1
20 28 0 1
21 28 0 1
22 28 0 1
23 28 0 1
24 28 0 1
25 28 0 1
26 28 0 1
16 29 0 1
17 29 0 1
18 29 0 1
19 29 0 1
20 29 0 1
21 29 0 1
22 29 0 1
23 29 0 1
24 29 0 1
20 30 0 1
85 35 0 2
81 36 0 1
82 36 0 2
83 36 0 2
84 36 0 2
85 36 0 2
86 36 0 2
87 36 0 2
88 36 0 2
89 36 0 2
79 37 0 1
80 37 0 1
81 37 0 1
82 37 0 1
83 37 0 2
84 37 0 2
85 37 0 2
86 37 0 2
87 37 0 2
88 37 0 2
89 37 0 2
90 37 0 2
91 37 0 2
78 38 0 1
79 38 0 1
80 38 0 1
81 38 0 1
82 38 0 1
83 38 0 1
84 38 0 1
85 38 0 2
86 38 0 2
87 38 0 2
88 38 0 2
89 38 0 2
90 38 0 2
91 38 0 2
92 38 0 2
77 39 0 1
78 39 0 1
79 39 0 1
80 39 0 1
81 39 0 1
82 39 0 1
83 39 0 1
84 39 0 1
85 39 0 1
86 39 0 1
87 39 0 1
88 39 0 2
89 39 0 2
90 39 0 2
91 39 0 2
92 39 0 2
93 39 0 2
77 40 0 1
78 40 0 1
79 40 0 1
80 40 0 1
81 40 0 1
82 40 0 1
83 40 0 1
84 40 0 1
85 40 0 1
86 40 0 1
87 40 0 1
88 40 0 1
89 40 0 1
90 40 0 1
91 40 0 1
92 40 0 1
93 40 0 1
76 41 0 1
77 41 0 1
78 41 0 1
79 41 0 1
80 41 0 1
81 41 0 1
82 41 0 1
83 41 0 1
84 41 0 1
85 41 0 1
86 41 0 1
87 41 0 1
88 41 0 1
89 41 0 1
90 41 0 1
91 41 0 1
92 41 0 1
93 41 0 1
94 41 0 1
76 42 0 1
77 42 0 1
78 42 0 1
79 42 0 1
80 42 0 1
81 42 0 1
82 42 0 1
83 42 0 1
84 42 0 1
85 42 0 1
86 42 0 1
87 42 0 1
88 42 0 1
89 42 0 1
90 42 0 1
91 42 0 1
92 42 0 1
93 42 0 1
94 42 0 1
76 43 0 1
77 43 0 1
78 43 0 1
79 43 0 1
80 43 0 1
81 43 0 1
82 43 0 1
83 43 0 1
84 43 0 1
85 43 0 1
86 43 0 1
87 43 0 1
88 43 0 1
89 43 0 1
90 43 0 1
91 43 0 1
92 43 0 1
93 43 0 1
94 43 0 1
76 44 0 1
77 44 0 1
78 44 0 1
79 44 0 1
80 44 0 1
81 44 0 1
82 44 0 1
83 44 0 1
84 44 0 1
85 44 0 1
86 44 0 1
87 44 0 1
88 44 0 1
89 44 0 1
90 44 0 1
91 44 0 1
92 44 0 1
93 44 0 1
94 44 0 1
75 45 0 1
76 45 0 1
77 45 0 1
78 45 0 1
79 45 0 1
80 45 0 1
81 45 0 1
82 45 0 1
83 45 0 1
84 45 0 1
85 45 0 1
86 45 0 1
87 45 0 1
88 45 0 1
89 45 0 1
90 45 0 1
91 45 0 1
92 45 0 1
93 45 0 1
94 45 0 1
95 45 0 1
76 46 0 1
77 46 0 1
78 46 0 1
79 46 0 1
80 46 0 1
81 46 0 1
82 46 0 1
83 46 0 1
84 46 0 1
85 46 0 1
86 46 0 1
87 46 0 1
88 46 0 1
89 46 0 1
90 46 0 1
91 46 0 1
92 46 0 1
93 46 0 1
94 46 0 1
76 47 0 1
77 47 0 1
78 47 0 1
79 47 0 1
80 47 0 1
81 47 0 1
82 47 0 1
83 47 0 1
84 47 0 1
85 47 0 1
86 47 0 1
87 47 0 1
88 47 0 1
89 47 0 1
90 47 0 1
91 47 0 1
92 47 0 1
93 47 0 1
94 47 0 1
76 48 0 1
77 48 0 1
78 48 0 1
79 48 0 1
80 48 0 1
81 48 0 1
82 48 0 1
83 48 0 1
84 48 0 1
85 48 0 1
86 48 0 1
87 48 0 1
88 48 0 1
89 48 0 1
90 48 0 1
91 48 0 1
92 48 0 1
93 48 0 1
94 48 0 1
76 49 0 1
77 49 0 1
78 49 0 1
79 49 0 1
80 49 0 1
81 49 0 1
82 49 0 1
83 49 0 1
84 49 0 1
85 49 0 1
86 49 0 1
87 49 0 1
88 49 0 1
89 49 0 1
90 49 0 1
91 49 0 1
92 49 0 1
93 49 0 1
94 49 0 1
77 50 0 1
78 50 0 1
79 50 0 1
80 50 0 1
81 50 0 1
82 50 0 1
83 50 0 1
84 50 0 1
85 50 0 1
86 50 0 1
87 50 0 1
88 50 0 1
89 50 0 1
90 50 0 1
91 50 0 1
92 50 0 1
93 50 0 1
77 51 0 1
78 51 0 1
79 51 0 1
80 51 0 1
81 51 0 1
82 51 0 1
83 51 0 1
84 51 0 1
85 51 0 1
86 51 0 1
87 51 0 1
88 51 0 1
89 51 0 1
90 51 0 1
91 51 0 1
92 51 0 1
93 51 0 1
78 52 0 1
79 52 0 1
80 52 0 1
81 52 0 1
82 52 0 1
83 52 0 1
84 52 0 1
85 52 0 1
86 52 0 1
87 52 0 1
88 52 0 1
89 52 0 1
90 52 0 1
91 52 0 1
92 52 0 1
79 53 0 1
80 53 0 1
81 53 0 1
82 53 0 1
83 53 0 1
84 53 0 1
85 53 0 1
86 53 0 1
87 53 0 1
88 53 0 1
89 53 0 1
90 53 0 1
91 53 0 1
81 54 0 1
82 54 0 1
83 54 0 1
84 54 0 1
85 54 0 1
86 54 0 1
87 54 0 1
88 54 0 1
89 54 0 1
85 55 0 1
