74 56 0 1
70 57 0 2
71 57 0 2
72 57 0 2
73 57 0 1
74 57 0 1
75 57 0 1
76 57 0 1
77 57 0 1
78 57 0 1
68 58 0 2
69 58 0 2
70 58 0 2
71 58 0 2
72 58 0 2
73 58 0 1
74 58 0 1
75 58 0 1
76 58 0 1
77 58 0 1
78 58 0 1
79 58 0 1
80 58 0 1
67 59 0 2
68 59 0 2
69 59 0 2
70 59 0 2
71 59 0 2
72 59 0 2
73 59 0 2
74 59 0 2
75 59 0 1
76 59 0 1
77 59 0 1
78 59 0 1
79 59 0 1
80 59 0 1
81 59 0 1
66 60 0 2
67 60 0 2
68 60 0 2
69 60 0 2
70 60 0 2
71 60 0 2
72 60 0 2
73 60 0 2
74 60 0 2
75 60 0 2
76 60 0 2
77 60 0 1
78 60 0 1
79 60 0 1
80 60 0 1
81 60 0 1
82 60 0 1
66 61 0 2
67 61 0 2
68 61 0 2
69 61 0 2
70 61 0 2
71 61 0 2
72 61 0 2
73 61 0 2
74 61 0 2
75 61 0 2
76 61 0 2
77 61 0 2
78 61 0 1
79 61 0 1
80 61 0 1
81 61 0 1
82 61 0 1
65 62 0 2
66 62 0 2
67 62 0 2
68 62 0 2
69 62 0 2
70 62 0 2
71 62 0 2
72 62 0 2
73 62 0 2
74 62 0 2
75 62 0 2
76 62 0 2
77 62 0 2
78 62 0 2
79 62 0 2
80 62 0 1
81 62 0 1
82 62 0 1
83 62 0 1
65 63 0 2
66 63 0 2
67 63 0 2
68 63 0 2
69 63 0 2
70 63 0 2
71 63 0 2
72 63 0 2
73 63 0 2
74 63 0 2
75 63 0 2
76 63 0 2
77 63 0 2
78 63 0 2
79 63 0 2
80 63 0 2
81 63 0 2
82 63 0 1
83 63 0 1
65 64 0 1
66 64 0 1
67 64 0 1
68 64 0 1
69 64 0 1
70 64 0 2
71 64 0 2
72 64 0 2
73 64 0 2
74 64 0 2
75 64 0 2
76 64 0 2
77 64 0 2
78 64 0 2
79 64 0 2
80 64 0 2
81 64 0 2
82 64 0 2
83 64 0 1
65 65 0 1
66 65 0 1
67 65 0 1
68 65 0 1
69 65 0 1
70 65 0 1
71 65 0 1
72 65 0 2
73 65 0 2
74 65 0 2
75 65 0 2
76 65 0 2
77 65 0 2
78 65 0 2
79 65 0 2
80 65 0 2
81 65 0 2
82 65 0 2
83 65 0 2
64 66 0 1
65 66 0 1
66 66 0 1
67 66 0 1
68 66 0 1
69 66 0 1
70 66 0 1
71 66 0 1
72 66 0 1
73 66 0 2
74 66 0 2
75 66 0 2
76 66 0 2
77 66 0 2
78 66 0 2
79 66 0 2
80 66 0 2
81 66 0 2
82 66 0 2
83 66 0 2
84 66 0 2
65 67 0 1
66 67 0 1
67 67 0 1
68 67 0 1
69 67 0 1
70 67 0 1
71 67 0 1
72 67 0 1
73 67 0 1
74 67 0 2
75 67 0 2
76 67 0 2
77 67 0 2
78 67 0 2
79 67 0 2
80 67 0 2
81 67 0 2
82 67 0 2
83 67 0 2
65 68 0 1
66 68 0 1
67 68 0 1
68 68 0 1
69 68 0 1
70 68 0 1
71 68 0 1
72 68 0 1
73 68 0 1
74 68 0 1
75 68 0 1
76 68 0 2
77 68 0 2
78 68 0 2
79 68 0 2
80 68 0 2
81 68 0 2
82 68 0 2
83 68 0 2
65 69 0 1
66 69 0 1
67 69 0 1
68 69 0 1
69 69 0 1
70 69 0 1
71 69 0 1
72 69 0 1
73 69 0 1
74 69 0 1
75 69 0 1
76 69 0 1
77 69 0 1
78 69 0 1
79 69 0 2
80 69 0 2
81 69 0 2
82 69 0 2
83 69 0 2
65 70 0 1
66 70 0 1
67 70 0 1
68 70 0 1
69 70 0 1
70 70 0 1
71 70 0 1
72 70 0 1
73 70 0 1
74 70 0 1
75 70 0 1
76 70 0 1
77 70 0 1
78 70 0 1
79 70 0 2
80 70 0 2
81 70 0 2
82 70 0 2
83 70 0 2
66 71 0 1
67 71 0 1
68 71 0 1
69 71 0 1
70 71 0 1
71 71 0 1
72 71 0 1
73 71 0 1
74 71 0 1
75 71 0 1
76 71 0 1
77 71 0 1
78 71 0 1
79 71 0 1
80 71 0 1
81 71 0 1
82 71 0 1
66 72 0 1
67 72 0 1
68 72 0 1
69 72 0 1
70 72 0 1
71 72 0 1
72 72 0 1
73 72 0 1
74 72 0 1
75 72 0 1
76 72 0 1
77 72 0 1
78 72 0 1
79 72 0 1
80 72 0 1
81 72 0 1
82 72 0 1
67 73 0 1
68 73 0 1
69 73 0 1
70 73 0 1
71 73 0 1
72 73 0 1
73 73 0 1
74 73 0 1
75 73 0 1
76 73 0 1
77 73 0 1
78 73 0 1
79 73 0 1
80 73 0 1
81 73 0 1
68 74 0 1
69 74 0 1
70 74 0 1
71 74 0 1
72 74 0 1
73 74 0 1
74 74 0 1
75 74 0 1
76 74 0 1
77 74 0 1
78 74 0 1
79 74 0 1
80 74 0 1
70 75 0 1
71 75 0 1
72 75 0 1
73 75 0 1
74 75 0 1
75 75 0 1
76 75 0 1
77 75 0 1
78 75 0 1
74 76 0 1
111 76 0 2
107 77 0 2
108 77 0 2
109 77 0 2
110 77 0 2
111 77 0 2
112 77 0 2
113 77 0 2
114 77 0 2
115 77 0 2
105 78 0 2
106 78 0 2
107 78 0 2
108 78 0 2
109 78 0 2
110 78 0 2
111 78 0 2
112 78 0 2
113 78 0 2
114 78 0 2
115 78 0 2
116 78 0 2
117 78 0 2
104 79 0 2
105 79 0 2
106 79 0 2
107 79 0 2
108 79 0 2
109 79 0 2
110 79 0 2
111 79 0 2
112 79 0 2
113 79 0 2
114 79 0 2
115 79 0 2
116 79 0 2
117 79 0 2
118 79 0 2
103 80 0 1
104 80 0 2
105 80 0 2
106 80 0 2
107 80 0 2
108 80 0 2
109 80 0 2
110 80 0 2
111 80 0 2
112 80 0 2
113 80 0 2
114 80 0 2
115 80 0 2
116 80 0 2
117 80 0 2
118 80 0 2
119 80 0 2
103 81 0 1
104 81 0 2
105 81 0 2
106 81 0 2
107 81 0 2
108 81 0 2
109 81 0 2
110 81 0 2
111 81 0 2
112 81 0 2
113 81 0 2
114 81 0 2
115 81 0 2
116 81 0 2
117 81 0 2
118 81 0 2
119 81 0 2
102 82 0 1
103 82 0 2
104 82 0 2
105 82 0 2
106 82 0 2
107 82 0 2
108 82 0 2
109 82 0 2
110 82 0 2
111 82 0 2
112 82 0 2
113 82 0 2
114 82 0 2
115 82 0 2
116 82 0 2
117 82 0 2
118 82 0 2
119 82 0 2
120 82 0 2
102 83 0 2
103 83 0 2
104 83 0 2
105 83 0 2
106 83 0 2
107 83 0 2
108 83 0 1
109 83 0 1
110 83 0 1
111 83 0 1
112 83 0 1
113 83 0 1
114 83 0 1
115 83 0 1
116 83 0 1
117 83 0 1
118 83 0 1
119 83 0 1
120 83 0 1
102 84 0 2
103 84 0 2
104 84 0 2
105 84 0 2
106 84 0 2
107 84 0 1
108 84 0 1
109 84 0 1
110 84 0 1
111 84 0 1
112 84 0 1
113 84 0 1
114 84 0 1
115 84 0 1
116 84 0 1
117 84 0 1
118 84 0 1
119 84 0 1
120 84 0 1
102 85 0 2
103 85 0 2
104 85 0 2
105 85 0 2
106 85 0 1
107 85 0 1
108 85 0 1
109 85 0 1
110 85 0 1
111 85 0 1
112 85 0 1
113 85 0 1
114 85 0 1
115 85 0 1
116 85 0 1
117 85 0 1
118 85 0 1
119 85 0 1
120 85 0 1
101 86 0 2
102 86 0 2
103 86 0 2
104 86 0 2
105 86 0 2
106 86 0 1
107 86 0 1
108 86 0 1
109 86 0 1
110 86 0 1
111 86 0 1
112 86 0 1
113 86 0 1
114 86 0 1
115 86 0 1
116 86 0 1
117 86 0 1
118 86 0 1
119 86 0 1
120 86 0 1
121 86 0 1
102 87 0 2
103 87 0 2
104 87 0 2
105 87 0 1
106 87 0 1
107 87 0 1
108 87 0 1
109 87 0 1
110 87 0 1
111 87 0 1
112 87 0 1
113 87 0 1
114 87 0 1
115 87 0 1
116 87 0 1
117 87 0 1
118 87 0 1
119 87 0 1
120 87 0 1
102 88 0 2
103 88 0 2
104 88 0 2
105 88 0 1
106 88 0 1
107 88 0 1
108 88 0 1
109 88 0 1
110 88 0 1
111 88 0 1
112 88 0 1
113 88 0 1
114 88 0 1
115 88 0 1
116 88 0 1
117 88 0 1
118 88 0 1
119 88 0 1
120 88 0 1
102 89 0 2
103 89 0 2
104 89 0 1
105 89 0 1
106 89 0 1
107 89 0 1
108 89 0 1
109 89 0 1
110 89 0 1
111 89 0 1
112 89 0 1
113 89 0 1
114 89 0 1
115 89 0 1
116 89 0 1
117 89 0 1
118 89 0 1
119 89 0 1
120 89 0 1
102 90 0 2
103 90 0 1
104 90 0 1
105 90 0 1
106 90 0 1
107 90 0 1
108 90 0 1
109 90 0 1
110 90 0 1
111 90 0 1
112 90 0 1
113 90 0 1
114 90 0 1
115 90 0 1
116 90 0 1
117 90 0 1
118 90 0 1
119 90 0 1
120 90 0 1
103 91 0 1
104 91 0 1
105 91 0 1
106 91 0 1
107 91 0 1
108 91 0 1
109 91 0 1
110 91 0 1
111 91 0 1
112 91 0 1
113 91 0 1
114 91 0 1
115 91 0 1
116 91 0 1
117 91 0 1
118 91 0 1
119 91 0 1
103 92 0 1
104 92 0 1
105 92 0 1
106 92 0 1
107 92 0 1
108 92 0 1
109 92 0 1
110 92 0 1
111 92 0 1
112 92 0 1
113 92 0 1
114 92 0 1
115 92 0 1
116 92 0 1
117 92 0 1
118 92 0 1
119 92 0 1
104 93 0 1
105 93 0 1
106 93 0 1
107 93 0 1
108 93 0 1
109 93 0 1
110 93 0 1
111 93 0 1
112 93 0 1
113 93 0 1
114 93 0 1
115 93 0 1
116 93 0 1
117 93 0 1
118 93 0 1
105 94 0 1
106 94 0 1
107 94 0 1
108 94 0 1
109 94 0 1
110 94 0 1
111 94 0 1
112 94 0 1
113 94 0 1
114 94 0 1
115 94 0 1
116 94 0 1
117 94 0 1
107 95 0 1
108 95 0 1
109 95 0 1
110 95 0 1
111 95 0 1
112 95 0 1
113 95 0 1
114 95 0 1
115 95 0 1
111 96 0 1
