30 9 0 1
27 10 0 1
28 10 0 1
29 10 0 1
30 10 0 1
31 10 0 1
32 10 0 1
33 10 0 1
26 11 0 1
27 11 0 1
28 11 0 1
29 11 0 1
30 11 0 1
31 11 0 1
32 11 0 1
33 11 0 1
34 11 0 1
26 12 0 1
27 12 0 1
28 12 0 1
29 12 0 1
30 12 0 1
31 12 0 1
32 12 0 1
33 12 0 1
34 12 0 1
26 13 0 1
27 13 0 1
28 13 0 1
29 13 0 1
30 13 0 1
31 13 0 1
32 13 0 1
33 13 0 1
34 13 0 1
25 14 0 1
26 14 0 1
27 14 0 1
28 14 0 1
29 14 0 1
30 14 0 1
31 14 0 1
32 14 0 1
33 14 0 1
34 14 0 1
35 14 0 1
26 15 0 1
27 15 0 1
28 15 0 1
29 15 0 1
30 15 0 1
31 15 0 1
32 15 0 1
33 15 0 1
34 15 0 1
26 16 0 1
27 16 0 1
28 16 0 1
29 16 0 1
30 16 0 1
31 16 0 1
32 16 0 1
33 16 0 1
34 16 0 1
26 17 0 1
27 17 0 1
28 17 0 1
29 17 0 1
30 17 0 1
31 17 0 1
32 17 0 1
33 17 0 1
34 17 0 1
27 18 0 1
28 18 0 1
29 18 0 1
30 18 0 1
31 18 0 1
32 18 0 1
33 18 0 1
30 19 0 1
31 38 0 1
28 39 0 1
29 39 0 1
30 39 0 1
31 39 0 1
32 39 0 1
33 39 0 1
34 39 0 1
27 40 0 2
28 40 0 2
29 40 0 2
30 40 0 2
31 40 0 2
32 40 0 2
33 40 0 2
34 40 0 2
35 40 0 2
27 41 0 2
28 41 0 2
29 41 0 2
30 41 0 2
31 41 0 2
32 41 0 2
33 41 0 2
34 41 0 2
35 41 0 2
27 42 0 2
28 42 0 2
29 42 0 2
30 42 0 2
31 42 0 2
32 42 0 2
33 42 0 2
34 42 0 2
35 42 0 2
26 43 0 2
27 43 0 2
28 43 0 2
29 43 0 2
30 43 0 2
31 43 0 2
32 43 0 2
33 43 0 2
34 43 0 2
35 43 0 2
36 43 0 2
27 44 0 2
28 44 0 2
29 44 0 2
30 44 0 2
31 44 0 2
32 44 0 2
33 44 0 2
34 44 0 2
35 44 0 2
27 45 0 2
28 45 0 2
29 45 0 2
30 45 0 2
31 45 0 2
32 45 0 2
33 45 0 2
34 45 0 2
35 45 0 2
27 46 0 2
28 46 0 2
29 46 0 2
30 46 0 2
31 46 0 2
32 46 0 2
33 46 0 2
34 46 0 2
35 46 0 2
28 47 0 2
29 47 0 2
30 47 0 2
31 47 0 2
32 47 0 2
33 47 0 2
34 47 0 2
31 48 0 2
37 13 0 1
34 14 0 1
35 14 0 1
36 14 0 1
37 14 0 1
38 14 0 1
39 14 0 1
40 14 0 1
33 15 0 1
34 15 0 1
35 15 0 1
36 15 0 1
37 15 0 1
38 15 0 1
39 15 0 1
40 15 0 1
41 15 0 1
33 16 0 1
34 16 0 1
35 16 0 1
36 16 0 1
37 16 0 1
38 16 0 1
39 16 0 1
40 16 0 1
41 16 0 1
33 17 0 1
34 17 0 1
35 17 0 1
36 17 0 1
37 17 0 1
38 17 0 1
39 17 0 1
40 17 0 1
41 17 0 1
32 18 0 1
33 18 0 1
34 18 0 1
35 18 0 1
36 18 0 1
37 18 0 1
38 18 0 1
39 18 0 1
40 18 0 1
41 18 0 1
42 18 0 1
33 19 0 1
34 19 0 1
35 19 0 1
36 19 0 1
37 19 0 1
38 19 0 1
39 19 0 1
40 19 0 1
41 19 0 1
33 20 0 1
34 20 0 1
35 20 0 1
36 20 0 1
37 20 0 1
38 20 0 1
39 20 0 1
40 20 0 1
41 20 0 1
33 21 0 1
34 21 0 1
35 21 0 1
36 21 0 1
37 21 0 1
38 21 0 1
39 21 0 1
40 21 0 1
41 21 0 1
34 22 0 1
35 22 0 1
36 22 0 1
37 22 0 1
38 22 0 1
39 22 0 1
40 22 0 1
37 23 0 1
43 14 0 1
40 15 0 1
41 15 0 1
42 15 0 1
43 15 0 1
44 15 0 1
45 15 0 1
46 15 0 1
39 16 0 1
40 16 0 1
41 16 0 1
42 16 0 1
43 16 0 1
44 16 0 1
45 16 0 1
46 16 0 1
47 16 0 1
39 17 0 1
40 17 0 1
41 17 0 1
42 17 0 1
43 17 0 1
44 17 0 1
45 17 0 1
46 17 0 1
47 17 0 1
39 18 0 1
40 18 0 1
41 18 0 1
42 18 0 1
43 18 0 1
44 18 0 1
45 18 0 1
46 18 0 1
47 18 0 1
38 19 0 1
39 19 0 1
40 19 0 1
41 19 0 1
42 19 0 1
43 19 0 1
44 19 0 1
45 19 0 1
46 19 0 1
47 19 0 1
48 19 0 1
39 20 0 1
40 20 0 1
41 20 0 1
42 20 0 1
43 20 0 1
44 20 0 1
45 20 0 1
46 20 0 1
47 20 0 1
39 21 0 1
40 21 0 1
41 21 0 1
42 21 0 1
43 21 0 1
44 21 0 1
45 21 0 1
46 21 0 1
47 21 0 1
39 22 0 1
40 22 0 1
41 22 0 1
42 22 0 1
43 22 0 1
44 22 0 1
45 22 0 1
46 22 0 1
47 22 0 1
40 23 0 1
41 23 0 1
42 23 0 1
43 23 0 1
44 23 0 1
45 23 0 1
46 23 0 1
43 24 0 1
49 17 0 1
46 18 0 1
47 18 0 1
48 18 0 1
49 18 0 1
50 18 0 1
51 18 0 1
52 18 0 1
45 19 0 1
46 19 0 1
47 19 0 1
48 19 0 1
49 19 0 1
50 19 0 1
51 19 0 1
52 19 0 1
53 19 0 1
45 20 0 1
46 20 0 1
47 20 0 1
48 20 0 1
49 20 0 1
50 20 0 1
51 20 0 1
52 20 0 1
53 20 0 1
45 21 0 1
46 21 0 1
47 21 0 1
48 21 0 1
49 21 0 1
50 21 0 1
51 21 0 1
52 21 0 1
53 21 0 1
44 22 0 1
45 22 0 1
46 22 0 1
47 22 0 1
48 22 0 1
49 22 0 1
50 22 0 1
51 22 0 1
52 22 0 1
53 22 0 1
54 22 0 1
45 23 0 1
46 23 0 1
47 23 0 1
48 23 0 1
49 23 0 1
50 23 0 1
51 23 0 1
52 23 0 1
53 23 0 1
45 24 0 1
46 24 0 1
47 24 0 1
48 24 0 1
49 24 0 1
50 24 0 1
51 24 0 1
52 24 0 1
53 24 0 1
45 25 0 1
46 25 0 1
47 25 0 1
48 25 0 1
49 25 0 1
50 25 0 1
51 25 0 1
52 25 0 1
53 25 0 1
46 26 0 1
47 26 0 1
48 26 0 1
49 26 0 1
50 26 0 1
51 26 0 1
52 26 0 1
49 27 0 1
59 20 0 1
56 21 0 1
57 21 0 1
58 21 0 1
59 21 0 1
60 21 0 1
61 21 0 1
62 21 0 1
55 22 0 1
56 22 0 1
57 22 0 1
58 22 0 1
59 22 0 1
60 22 0 1
61 22 0 1
62 22 0 1
63 22 0 1
55 23 0 1
56 23 0 1
57 23 0 1
58 23 0 1
59 23 0 1
60 23 0 1
61 23 0 1
62 23 0 1
63 23 0 1
55 24 0 1
56 24 0 1
57 24 0 1
58 24 0 1
59 24 0 1
60 24 0 1
61 24 0 1
62 24 0 1
63 24 0 1
54 25 0 1
55 25 0 1
56 25 0 1
57 25 0 1
58 25 0 1
59 25 0 1
60 25 0 1
61 25 0 1
62 25 0 1
63 25 0 1
64 25 0 1
55 26 0 1
56 26 0 1
57 26 0 1
58 26 0 1
59 26 0 1
60 26 0 1
61 26 0 1
62 26 0 1
63 26 0 1
55 27 0 1
56 27 0 1
57 27 0 1
58 27 0 1
59 27 0 1
60 27 0 1
61 27 0 1
62 27 0 1
63 27 0 2
55 28 0 1
56 28 0 1
57 28 0 1
58 28 0 1
59 28 0 1
60 28 0 1
61 28 0 1
62 28 0 1
63 28 0 2
56 29 0 1
57 29 0 1
58 29 0 1
59 29 0 1
60 29 0 2
61 29 0 2
62 29 0 2
59 30 0 2
51 24 0 1
48 25 0 1
49 25 0 1
50 25 0 1
51 25 0 1
52 25 0 1
53 25 0 1
54 25 0 1
47 26 0 1
48 26 0 1
49 26 0 1
50 26 0 1
51 26 0 1
52 26 0 1
53 26 0 1
54 26 0 1
55 26 0 1
47 27 0 1
48 27 0 1
49 27 0 1
50 27 0 1
51 27 0 1
52 27 0 1
53 27 0 1
54 27 0 1
55 27 0 1
47 28 0 1
48 28 0 1
49 28 0 1
50 28 0 1
51 28 0 1
52 28 0 1
53 28 0 1
54 28 0 1
55 28 0 1
46 29 0 1
47 29 0 1
48 29 0 1
49 29 0 1
50 29 0 1
51 29 0 1
52 29 0 1
53 29 0 1
54 29 0 1
55 29 0 1
56 29 0 1
47 30 0 1
48 30 0 1
49 30 0 1
50 30 0 1
51 30 0 1
52 30 0 1
53 30 0 1
54 30 0 1
55 30 0 1
47 31 0 1
48 31 0 1
49 31 0 1
50 31 0 1
51 31 0 1
52 31 0 1
53 31 0 1
54 31 0 1
55 31 0 2
47 32 0 1
48 32 0 1
49 32 0 1
50 32 0 1
51 32 0 2
52 32 0 2
53 32 0 2
54 32 0 2
55 32 0 2
48 33 0 1
49 33 0 2
50 33 0 2
51 33 0 2
52 33 0 2
53 33 0 2
54 33 0 2
51 34 0 2
56 14 0 1
53 15 0 1
54 15 0 1
55 15 0 1
56 15 0 1
57 15 0 1
58 15 0 1
59 15 0 1
52 16 0 1
53 16 0 1
54 16 0 1
55 16 0 1
56 16 0 1
57 16 0 1
58 16 0 1
59 16 0 1
60 16 0 1
52 17 0 1
53 17 0 1
54 17 0 1
55 17 0 1
56 17 0 1
57 17 0 1
58 17 0 1
59 17 0 1
60 17 0 1
52 18 0 1
53 18 0 1
54 18 0 1
55 18 0 1
56 18 0 1
57 18 0 1
58 18 0 1
59 18 0 1
60 18 0 1
51 19 0 1
52 19 0 1
53 19 0 1
54 19 0 1
55 19 0 1
56 19 0 1
57 19 0 1
58 19 0 1
59 19 0 1
60 19 0 1
61 19 0 1
52 20 0 1
53 20 0 1
54 20 0 1
55 20 0 1
56 20 0 1
57 20 0 1
58 20 0 1
59 20 0 1
60 20 0 1
52 21 0 1
53 21 0 1
54 21 0 1
55 21 0 1
56 21 0 1
57 21 0 1
58 21 0 1
59 21 0 1
60 21 0 1
52 22 0 1
53 22 0 1
54 22 0 1
55 22 0 1
56 22 0 1
57 22 0 1
58 22 0 1
59 22 0 1
60 22 0 1
53 23 0 1
54 23 0 1
55 23 0 1
56 23 0 1
57 23 0 1
58 23 0 1
59 23 0 1
56 24 0 1
59 27 0 1
56 28 0 1
57 28 0 1
58 28 0 1
59 28 0 1
60 28 0 1
61 28 0 1
62 28 0 1
55 29 0 1
56 29 0 1
57 29 0 1
58 29 0 1
59 29 0 1
60 29 0 2
61 29 0 2
62 29 0 2
63 29 0 2
55 30 0 1
56 30 0 1
57 30 0 1
58 30 0 2
59 30 0 2
60 30 0 2
61 30 0 2
62 30 0 2
63 30 0 2
55 31 0 2
56 31 0 2
57 31 0 2
58 31 0 2
59 31 0 2
60 31 0 2
61 31 0 2
62 31 0 2
63 31 0 2
54 32 0 2
55 32 0 2
56 32 0 2
57 32 0 2
58 32 0 2
59 32 0 2
60 32 0 2
61 32 0 2
62 32 0 2
63 32 0 2
64 32 0 2
55 33 0 2
56 33 0 2
57 33 0 2
58 33 0 2
59 33 0 2
60 33 0 2
61 33 0 2
62 33 0 2
63 33 0 2
55 34 0 2
56 34 0 2
57 34 0 2
58 34 0 2
59 34 0 2
60 34 0 2
61 34 0 2
62 34 0 2
63 34 0 2
55 35 0 2
56 35 0 2
57 35 0 2
58 35 0 2
59 35 0 2
60 35 0 2
61 35 0 2
62 35 0 1
63 35 0 1
56 36 0 2
57 36 0 2
58 36 0 2
59 36 0 2
60 36 0 2
61 36 0 1
62 36 0 1
59 37 0 1
65 19 0 1
62 20 0 1
63 20 0 1
64 20 0 1
65 20 0 1
66 20 0 1
67 20 0 1
68 20 0 1
61 21 0 1
62 21 0 1
63 21 0 1
64 21 0 1
65 21 0 1
66 21 0 1
67 21 0 1
68 21 0 1
69 21 0 1
61 22 0 1
62 22 0 1
63 22 0 1
64 22 0 1
65 22 0 1
66 22 0 1
67 22 0 1
68 22 0 1
69 22 0 1
61 23 0 1
62 23 0 1
63 23 0 1
64 23 0 1
65 23 0 1
66 23 0 1
67 23 0 1
68 23 0 1
69 23 0 1
60 24 0 1
61 24 0 1
62 24 0 1
63 24 0 1
64 24 0 1
65 24 0 1
66 24 0 1
67 24 0 1
68 24 0 1
69 24 0 2
70 24 0 2
61 25 0 1
62 25 0 1
63 25 0 1
64 25 0 1
65 25 0 1
66 25 0 1
67 25 0 2
68 25 0 2
69 25 0 2
61 26 0 1
62 26 0 1
63 26 0 1
64 26 0 1
65 26 0 1
66 26 0 2
67 26 0 2
68 26 0 2
69 26 0 2
61 27 0 1
62 27 0 1
63 27 0 2
64 27 0 2
65 27 0 2
66 27 0 2
67 27 0 2
68 27 0 2
69 27 0 2
62 28 0 1
63 28 0 2
64 28 0 2
65 28 0 2
66 28 0 2
67 28 0 2
68 28 0 2
65 29 0 2
70 25 0 2
67 26 0 2
68 26 0 2
69 26 0 2
70 26 0 2
71 26 0 2
72 26 0 2
73 26 0 2
66 27 0 2
67 27 0 2
68 27 0 2
69 27 0 2
70 27 0 2
71 27 0 2
72 27 0 2
73 27 0 2
74 27 0 2
66 28 0 2
67 28 0 2
68 28 0 2
69 28 0 2
70 28 0 2
71 28 0 2
72 28 0 2
73 28 0 2
74 28 0 2
66 29 0 2
67 29 0 2
68 29 0 2
69 29 0 2
70 29 0 2
71 29 0 2
72 29 0 2
73 29 0 2
74 29 0 2
65 30 0 2
66 30 0 2
67 30 0 2
68 30 0 2
69 30 0 2
70 30 0 2
71 30 0 2
72 30 0 2
73 30 0 2
74 30 0 2
75 30 0 2
66 31 0 2
67 31 0 2
68 31 0 2
69 31 0 2
70 31 0 2
71 31 0 2
72 31 0 2
73 31 0 2
74 31 0 2
66 32 0 2
67 32 0 2
68 32 0 2
69 32 0 2
70 32 0 2
71 32 0 2
72 32 0 2
73 32 0 2
74 32 0 2
66 33 0 1
67 33 0 1
68 33 0 1
69 33 0 1
70 33 0 1
71 33 0 2
72 33 0 2
73 33 0 2
74 33 0 2
67 34 0 1
68 34 0 1
69 34 0 1
70 34 0 1
71 34 0 1
72 34 0 1
73 34 0 2
70 35 0 1
