35 16 0 1
32 17 0 1
33 17 0 1
34 17 0 1
35 17 0 1
36 17 0 1
37 17 0 1
38 17 0 1
31 18 0 1
32 18 0 1
33 18 0 1
34 18 0 1
35 18 0 1
36 18 0 1
37 18 0 1
38 18 0 1
39 18 0 1
31 19 0 1
32 19 0 1
33 19 0 1
34 19 0 1
35 19 0 1
36 19 0 1
37 19 0 1
38 19 0 1
39 19 0 1
31 20 0 1
32 20 0 1
33 20 0 1
34 20 0 1
35 20 0 1
36 20 0 1
37 20 0 1
38 20 0 1
39 20 0 1
30 21 0 1
31 21 0 1
32 21 0 1
33 21 0 1
34 21 0 1
35 21 0 1
36 21 0 1
37 21 0 1
38 21 0 1
39 21 0 1
40 21 0 1
31 22 0 1
32 22 0 1
33 22 0 1
34 22 0 1
35 22 0 1
36 22 0 1
37 22 0 1
38 22 0 1
39 22 0 1
31 23 0 1
32 23 0 1
33 23 0 1
34 23 0 1
35 23 0 1
36 23 0 1
37 23 0 1
38 23 0 1
39 23 0 1
31 24 0 1
32 24 0 1
33 24 0 1
34 24 0 1
35 24 0 1
36 24 0 1
37 24 0 1
38 24 0 1
39 24 0 1
32 25 0 1
33 25 0 1
34 25 0 1
35 25 0 1
36 25 0 1
37 25 0 1
38 25 0 1
35 26 0 1
30 38 0 1
27 39 0 2
28 39 0 1
29 39 0 1
30 39 0 1
31 39 0 1
32 39 0 1
33 39 0 1
26 40 0 2
27 40 0 2
28 40 0 2
29 40 0 2
30 40 0 2
31 40 0 2
32 40 0 2
33 40 0 2
34 40 0 2
26 41 0 2
27 41 0 2
28 41 0 2
29 41 0 2
30 41 0 2
31 41 0 2
32 41 0 2
33 41 0 2
34 41 0 2
26 42 0 2
27 42 0 2
28 42 0 2
29 42 0 2
30 42 0 2
31 42 0 2
32 42 0 2
33 42 0 2
34 42 0 2
25 43 0 2
26 43 0 2
27 43 0 2
28 43 0 2
29 43 0 2
30 43 0 2
31 43 0 2
32 43 0 2
33 43 0 2
34 43 0 2
35 43 0 2
26 44 0 2
27 44 0 2
28 44 0 2
29 44 0 2
30 44 0 2
31 44 0 2
32 44 0 2
33 44 0 2
34 44 0 2
26 45 0 2
27 45 0 2
28 45 0 2
29 45 0 2
30 45 0 2
31 45 0 2
32 45 0 2
33 45 0 2
34 45 0 2
26 46 0 2
27 46 0 2
28 46 0 2
29 46 0 2
30 46 0 2
31 46 0 2
32 46 0 2
33 46 0 2
34 46 0 2
27 47 0 2
28 47 0 2
29 47 0 2
30 47 0 2
31 47 0 2
32 47 0 2
33 47 0 2
30 48 0 2
102 78 0 2
99 79 0 1
100 79 0 1
101 79 0 1
102 79 0 1
103 79 0 2
104 79 0 2
105 79 0 2
98 80 0 1
99 80 0 1
100 80 0 1
101 80 0 1
102 80 0 1
103 80 0 1
104 80 0 2
105 80 0 2
106 80 0 2
98 81 0 1
99 81 0 1
100 81 0 1
101 81 0 1
102 81 0 1
103 81 0 1
104 81 0 2
105 81 0 2
106 81 0 2
98 82 0 1
99 82 0 1
100 82 0 1
101 82 0 1
102 82 0 1
103 82 0 2
104 82 0 2
105 82 0 2
106 82 0 2
97 83 0 1
98 83 0 1
99 83 0 1
100 83 0 1
101 83 0 2
102 83 0 2
103 83 0 2
104 83 0 2
105 83 0 2
106 83 0 2
107 83 0 2
98 84 0 1
99 84 0 2
100 84 0 2
101 84 0 2
102 84 0 2
103 84 0 2
104 84 0 2
105 84 0 2
106 84 0 2
98 85 0 2
99 85 0 2
100 85 0 2
101 85 0 2
102 85 0 2
103 85 0 2
104 85 0 2
105 85 0 2
106 85 0 1
98 86 0 2
99 86 0 2
100 86 0 2
101 86 0 2
102 86 0 2
103 86 0 2
104 86 0 2
105 86 0 2
106 86 0 1
99 87 0 2
100 87 0 2
101 87 0 2
102 87 0 2
103 87 0 2
104 87 0 2
105 87 0 1
102 88 0 2
115 114 0 1
112 115 0 2
113 115 0 2
114 115 0 2
115 115 0 2
116 115 0 1
117 115 0 1
118 115 0 1
111 116 0 2
112 116 0 2
113 116 0 2
114 116 0 2
115 116 0 2
116 116 0 2
117 116 0 1
118 116 0 1
119 116 0 1
111 117 0 2
112 117 0 2
113 117 0 2
114 117 0 2
115 117 0 2
116 117 0 2
117 117 0 2
118 117 0 1
119 117 0 1
111 118 0 2
112 118 0 2
113 118 0 2
114 118 0 2
115 118 0 2
116 118 0 2
117 118 0 2
118 118 0 1
119 118 0 1
110 119 0 1
111 119 0 1
112 119 0 2
113 119 0 2
114 119 0 2
115 119 0 2
116 119 0 2
117 119 0 2
118 119 0 2
119 119 0 1
120 119 0 1
111 120 0 1
112 120 0 1
113 120 0 1
114 120 0 2
115 120 0 2
116 120 0 2
117 120 0 2
118 120 0 2
119 120 0 2
111 121 0 1
112 121 0 1
113 121 0 1
114 121 0 2
115 121 0 2
116 121 0 2
117 121 0 2
118 121 0 2
119 121 0 2
111 122 0 1
112 122 0 1
113 122 0 1
114 122 0 1
115 122 0 2
116 122 0 2
117 122 0 2
118 122 0 2
119 122 0 2
112 123 0 1
113 123 0 1
114 123 0 1
115 123 0 1
116 123 0 2
117 123 0 2
118 123 0 2
115 124 0 1
161 145 0 1
158 146 0 1
159 146 0 1
160 146 0 1
161 146 0 1
162 146 0 1
163 146 0 1
164 146 0 1
157 147 0 1
158 147 0 1
159 147 0 1
160 147 0 1
161 147 0 1
162 147 0 1
163 147 0 1
164 147 0 1
165 147 0 1
157 148 0 1
158 148 0 1
159 148 0 1
160 148 0 1
161 148 0 1
162 148 0 1
163 148 0 1
164 148 0 2
165 148 0 2
157 149 0 2
158 149 0 2
159 149 0 2
160 149 0 2
161 149 0 2
162 149 0 2
163 149 0 2
164 149 0 2
165 149 0 2
156 150 0 2
157 150 0 2
158 150 0 2
159 150 0 2
160 150 0 2
161 150 0 2
162 150 0 2
163 150 0 2
164 150 0 2
165 150 0 2
166 150 0 2
157 151 0 2
158 151 0 2
159 151 0 2
160 151 0 2
161 151 0 2
162 151 0 2
163 151 0 2
164 151 0 2
165 151 0 2
157 152 0 2
158 152 0 2
159 152 0 2
160 152 0 2
161 152 0 2
162 152 0 2
163 152 0 2
164 152 0 2
165 152 0 2
157 153 0 2
158 153 0 2
159 153 0 2
160 153 0 2
161 153 0 2
162 153 0 2
163 153 0 2
164 153 0 2
165 153 0 2
158 154 0 2
159 154 0 2
160 154 0 2
161 154 0 2
162 154 0 2
163 154 0 2
164 154 0 2
161 155 0 2
223 153 0 1
220 154 0 1
221 154 0 1
222 154 0 1
223 154 0 1
224 154 0 1
225 154 0 1
226 154 0 1
219 155 0 1
220 155 0 1
221 155 0 1
222 155 0 1
223 155 0 1
224 155 0 1
225 155 0 1
226 155 0 2
227 155 0 2
219 156 0 1
220 156 0 1
221 156 0 1
222 156 0 1
223 156 0 1
224 156 0 2
225 156 0 2
226 156 0 2
227 156 0 2
219 157 0 1
220 157 0 1
221 157 0 1
222 157 0 2
223 157 0 2
224 157 0 2
225 157 0 2
226 157 0 2
227 157 0 2
218 158 0 1
219 158 0 1
220 158 0 2
221 158 0 2
222 158 0 2
223 158 0 2
224 158 0 2
225 158 0 2
226 158 0 2
227 158 0 2
228 158 0 2
219 159 0 2
220 159 0 2
221 159 0 2
222 159 0 2
223 159 0 2
224 159 0 2
225 159 0 2
226 159 0 2
227 159 0 2
219 160 0 2
220 160 0 2
221 160 0 2
222 160 0 2
223 160 0 2
224 160 0 2
225 160 0 2
226 160 0 2
227 160 0 2
219 161 0 2
220 161 0 2
221 161 0 2
222 161 0 2
223 161 0 2
224 161 0 2
225 161 0 2
226 161 0 1
227 161 0 1
220 162 0 2
221 162 0 2
222 162 0 2
223 162 0 2
224 162 0 2
225 162 0 2
226 162 0 1
223 163 0 2
115 179 0 1
112 180 0 1
113 180 0 1
114 180 0 1
115 180 0 1
116 180 0 1
117 180 0 1
118 180 0 1
111 181 0 2
112 181 0 2
113 181 0 2
114 181 0 2
115 181 0 2
116 181 0 2
117 181 0 2
118 181 0 1
119 181 0 1
111 182 0 2
112 182 0 2
113 182 0 2
114 182 0 2
115 182 0 2
116 182 0 2
117 182 0 2
118 182 0 2
119 182 0 1
111 183 0 2
112 183 0 2
113 183 0 2
114 183 0 2
115 183 0 2
116 183 0 2
117 183 0 2
118 183 0 2
119 183 0 2
110 184 0 2
111 184 0 2
112 184 0 2
113 184 0 2
114 184 0 2
115 184 0 2
116 184 0 2
117 184 0 2
118 184 0 2
119 184 0 2
120 184 0 2
111 185 0 2
112 185 0 2
113 185 0 2
114 185 0 2
115 185 0 2
116 185 0 2
117 185 0 2
118 185 0 2
119 185 0 2
111 186 0 2
112 186 0 2
113 186 0 2
114 186 0 2
115 186 0 2
116 186 0 2
117 186 0 2
118 186 0 2
119 186 0 2
111 187 0 2
112 187 0 2
113 187 0 2
114 187 0 2
115 187 0 2
116 187 0 2
117 187 0 2
118 187 0 2
119 187 0 2
112 188 0 2
113 188 0 2
114 188 0 2
115 188 0 2
116 188 0 2
117 188 0 2
118 188 0 2
115 189 0 2
43 201 0 1
40 202 0 1
41 202 0 1
42 202 0 1
43 202 0 1
44 202 0 2
45 202 0 2
46 202 0 2
39 203 0 1
40 203 0 1
41 203 0 1
42 203 0 1
43 203 0 1
44 203 0 2
45 203 0 2
46 203 0 2
47 203 0 2
39 204 0 1
40 204 0 1
41 204 0 1
42 204 0 1
43 204 0 2
44 204 0 2
45 204 0 2
46 204 0 2
47 204 0 2
39 205 0 1
40 205 0 1
41 205 0 1
42 205 0 1
43 205 0 2
44 205 0 2
45 205 0 2
46 205 0 2
47 205 0 2
38 206 0 1
39 206 0 1
40 206 0 1
41 206 0 1
42 206 0 1
43 206 0 2
44 206 0 2
45 206 0 2
46 206 0 2
47 206 0 2
48 206 0 2
39 207 0 1
40 207 0 1
41 207 0 1
42 207 0 2
43 207 0 2
44 207 0 2
45 207 0 2
46 207 0 2
47 207 0 2
39 208 0 1
40 208 0 1
41 208 0 2
42 208 0 2
43 208 0 2
44 208 0 2
45 208 0 2
46 208 0 2
47 208 0 2
39 209 0 1
40 209 0 1
41 209 0 2
42 209 0 2
43 209 0 2
44 209 0 2
45 209 0 2
46 209 0 1
47 209 0 1
40 210 0 2
41 210 0 2
42 210 0 2
43 210 0 2
44 210 0 2
45 210 0 1
46 210 0 1
43 211 0 2
15 158 0 1
12 159 0 1
13 159 0 1
14 159 0 1
15 159 0 1
16 159 0 1
17 159 0 1
18 159 0 1
11 160 0 1
12 160 0 1
13 160 0 1
14 160 0 1
15 160 0 1
16 160 0 2
17 160 0 2
18 160 0 2
19 160 0 2
11 161 0 1
12 161 0 1
13 161 0 1
14 161 0 1
15 161 0 2
16 161 0 2
17 161 0 2
18 161 0 2
19 161 0 2
11 162 0 1
12 162 0 1
13 162 0 1
14 162 0 2
15 162 0 2
16 162 0 2
17 162 0 2
18 162 0 2
19 162 0 2
10 163 0 1
11 163 0 1
12 163 0 1
13 163 0 1
14 163 0 2
15 163 0 2
16 163 0 2
17 163 0 2
18 163 0 2
19 163 0 2
20 163 0 2
11 164 0 1
12 164 0 1
13 164 0 1
14 164 0 2
15 164 0 2
16 164 0 2
17 164 0 2
18 164 0 2
19 164 0 2
11 165 0 1
12 165 0 1
13 165 0 2
14 165 0 2
15 165 0 2
16 165 0 2
17 165 0 2
18 165 0 2
19 165 0 2
11 166 0 1
12 166 0 2
13 166 0 2
14 166 0 2
15 166 0 2
16 166 0 2
17 166 0 2
18 166 0 2
19 166 0 2
12 167 0 2
13 167 0 2
14 167 0 2
15 167 0 2
16 167 0 2
17 167 0 2
18 167 0 1
15 168 0 2
153 46 0 1
150 47 0 2
151 47 0 2
152 47 0 2
153 47 0 2
154 47 0 2
155 47 0 1
156 47 0 1
149 48 0 2
150 48 0 2
151 48 0 2
152 48 0 2
153 48 0 2
154 48 0 2
155 48 0 1
156 48 0 1
157 48 0 1
149 49 0 2
150 49 0 2
151 49 0 2
152 49 0 2
153 49 0 2
154 49 0 2
155 49 0 1
156 49 0 1
157 49 0 1
149 50 0 2
150 50 0 2
151 50 0 2
152 50 0 2
153 50 0 2
154 50 0 2
155 50 0 2
156 50 0 2
157 50 0 1
148 51 0 1
149 51 0 1
150 51 0 2
151 51 0 2
152 51 0 2
153 51 0 2
154 51 0 2
155 51 0 2
156 51 0 2
157 51 0 2
158 51 0 2
149 52 0 1
150 52 0 1
151 52 0 2
152 52 0 2
153 52 0 2
154 52 0 2
155 52 0 2
156 52 0 2
157 52 0 2
149 53 0 1
150 53 0 1
151 53 0 1
152 53 0 1
153 53 0 2
154 53 0 2
155 53 0 2
156 53 0 2
157 53 0 2
149 54 0 1
150 54 0 1
151 54 0 1
152 54 0 1
153 54 0 2
154 54 0 2
155 54 0 2
156 54 0 2
157 54 0 2
150 55 0 1
151 55 0 1
152 55 0 1
153 55 0 1
154 55 0 2
155 55 0 2
156 55 0 2
153 56 0 1
191 12 0 1
188 13 0 1
189 13 0 1
190 13 0 1
191 13 0 1
192 13 0 1
193 13 0 2
194 13 0 2
187 14 0 1
188 14 0 1
189 14 0 1
190 14 0 1
191 14 0 1
192 14 0 1
193 14 0 2
194 14 0 2
195 14 0 2
187 15 0 1
188 15 0 1
189 15 0 1
190 15 0 1
191 15 0 1
192 15 0 2
193 15 0 2
194 15 0 2
195 15 0 2
187 16 0 1
188 16 0 2
189 16 0 2
190 16 0 2
191 16 0 2
192 16 0 2
193 16 0 2
194 16 0 2
195 16 0 2
186 17 0 1
187 17 0 1
188 17 0 2
189 17 0 2
190 17 0 2
191 17 0 2
192 17 0 2
193 17 0 2
194 17 0 2
195 17 0 2
196 17 0 2
187 18 0 2
188 18 0 2
189 18 0 2
190 18 0 2
191 18 0 2
192 18 0 2
193 18 0 2
194 18 0 2
195 18 0 2
187 19 0 2
188 19 0 2
189 19 0 2
190 19 0 2
191 19 0 2
192 19 0 2
193 19 0 2
194 19 0 2
195 19 0 2
187 20 0 2
188 20 0 2
189 20 0 2
190 20 0 2
191 20 0 2
192 20 0 2
193 20 0 2
194 20 0 2
195 20 0 1
188 21 0 2
189 21 0 2
190 21 0 2
191 21 0 2
192 21 0 2
193 21 0 1
194 21 0 1
191 22 0 2
173 204 0 1
170 205 0 1
171 205 0 1
172 205 0 1
173 205 0 1
174 205 0 1
175 205 0 1
176 205 0 2
169 206 0 1
170 206 0 1
171 206 0 1
172 206 0 1
173 206 0 1
174 206 0 1
175 206 0 2
176 206 0 2
177 206 0 2
169 207 0 1
170 207 0 1
171 207 0 1
172 207 0 1
173 207 0 1
174 207 0 2
175 207 0 2
176 207 0 2
177 207 0 2
169 208 0 1
170 208 0 2
171 208 0 2
172 208 0 2
173 208 0 2
174 208 0 2
175 208 0 2
176 208 0 2
177 208 0 2
168 209 0 2
169 209 0 2
170 209 0 2
171 209 0 2
172 209 0 2
173 209 0 2
174 209 0 2
175 209 0 2
176 209 0 2
177 209 0 2
178 209 0 2
169 210 0 2
170 210 0 2
171 210 0 2
172 210 0 2
173 210 0 2
174 210 0 2
175 210 0 2
176 210 0 2
177 210 0 2
169 211 0 2
170 211 0 2
171 211 0 2
172 211 0 2
173 211 0 2
174 211 0 2
175 211 0 2
176 211 0 2
177 211 0 2
169 212 0 2
170 212 0 2
171 212 0 2
172 212 0 2
173 212 0 2
174 212 0 2
175 212 0 2
176 212 0 2
177 212 0 1
170 213 0 2
171 213 0 2
172 213 0 2
173 213 0 2
174 213 0 2
175 213 0 2
176 213 0 1
173 214 0 2
